IsRobot	Pages	Requests	Transfer	Duration	TimePerPage	EmptyReferrers	4xxRequests
True	7	8	20.66	1604	267.33	100	0
True	11	15	127.87	8356	835.6	100	0
True	19	25	129.78	1033	57.39	100	0
True	50	50	183.77	2828	57.71	100	0
True	17	17	82.8	4280	267.5	100	0
True	14	18	45.89	5535	425.77	100	0
True	3	3	11.39	2157	1078.5	100	0
True	2	3	1.87	348	348	100	0
True	7	9	43.07	2158	359.67	100	0
True	11	12	74.19	18	1.8	100	0
True	37	69	1173.43	517	14.36	100	0
True	512	516	1719.56	1060	2.07	100	0
True	2	2	5.56	1340	1340	100	0
True	13	19	31.39	5893	491.08	100	0
True	7	9	56.51	15	2.5	100	0
True	11	12	141.51	910	91	100	0
True	2	77	645.89	3	3	3.9	1.3
True	11	11	197.94	81	8.1	100	0
True	4	5	23.17	4	1.33	100	0
True	2	2	5.24	6	6	100	0
True	17	20	272.58	23	1.44	100	0
True	4	4	0.87	3	1	100	100
True	23	33	56.18	9916	450.73	100	0
True	82	100	921.23	14562	179.78	100	0
True	3	5	167.84	6	3	100	0
True	61	64	459	62	1.03	100	0
True	7	10	113.18	217	36.17	100	0
True	2	2	73.51	1272	1272	100	0
True	3	4	9.67	438	219	100	0
True	10	10	73.77	7117	790.78	100	0
True	3	3	36.06	121	60.5	100	0
True	2	2	0	592	592	100	0
True	22	22	120.57	11921	567.67	100	0
True	3	5	15.6	2359	1179.5	100	0
True	20	23	151.39	5604	294.95	100	0
True	4	4	9.65	130	43.33	100	0
True	2	4	14.79	890	890	100	0
True	16	24	193	6448	429.87	100	0
True	2	3	24.39	416	416	100	33.33
True	61	63	487.33	62	1.03	100	0
True	57	74	419.63	14138	252.46	100	0
True	3	3	11.52	341	170.5	100	0
True	2	3	24.87	26	26	100	33.33
True	3	5	16.15	5125	2562.5	100	0
True	16	17	50.15	75	5	100	0
True	52	59	404.41	16070	315.1	100	0
True	4	5	21.67	520	173.33	0	0
True	2	2	12.89	596	596	100	0
True	6	8	13.64	3153	630.6	100	0
True	2	58	753.82	272	272	0	0
True	3	3	21.75	1687	843.5	100	0
True	7	13	24.57	9110	1518.33	100	0
True	6	9	51.11	35	7	77.78	11.11
True	3	3	14.08	182	91	100	0
True	6	7	19.29	712	142.4	100	0
True	2	2	2.54	69	69	100	0
True	8	11	162.17	2642	377.43	100	0
True	12	17	29.76	6876	625.09	100	0
True	2	3	3.14	354	354	100	0
True	5	9	25.13	2991	747.75	100	0
True	61	64	446.65	100	1.67	100	0
True	4	9	59.82	4	1.33	100	0
True	5	7	75.51	1613	403.25	100	0
True	5	5	42.17	1659	414.75	100	0
True	47	47	336.48	23055	501.2	100	2.13
True	2	3	2.97	126	126	100	0
True	2	2	72.97	22	22	100	0
True	3	5	34.11	2	1	100	0
True	3	363	3590.78	1238	619	0.83	0.83
True	66	115	854.52	21441	329.86	100	0
True	2	2	14.98	1770	1770	100	0
True	4	4	19.79	1321	440.33	100	0
True	61	65	749.32	119	1.98	98.46	0
True	3	3	22.82	2	1	0	0
True	4	4	42.99	1900	633.33	100	0
True	9	13	32.58	5952	744	100	0
True	49	53	260.38	8353	174.02	100	0
True	28	29	424.41	3338	123.63	100	0
True	2	77	650.66	6	6	3.9	1.3
True	2	2	0	937	937	100	0
True	5	6	31.13	2416	604	100	0
True	8	9	20.19	1784	254.86	100	0
True	6	6	10.42	2	0.4	100	0
True	10	63	2540.15	74	8.22	100	0
True	30	33	160.1	2445	84.31	100	0
True	48	50	119.28	3809	81.04	100	60
True	4	5	13.75	1058	352.67	100	0
True	4	5	14.77	1939	646.33	100	0
True	18	18	68.27	3230	190	100	0
True	10	11	38.79	23	2.56	100	0
True	22	34	83.18	16474	784.48	100	0
True	4	4	15.72	2948	982.67	100	0
True	10	10	51.32	1925	213.89	100	0
True	27	30	167.28	49	1.88	100	0
True	4	4	28.69	2	0.67	100	0
True	23	161	1415.81	308	14	1.86	1.86
True	15	19	47.69	711	50.79	100	0
True	7	8	26.27	281	46.83	100	0
True	39	64	1809.27	71	1.87	100	0
True	3	4	14.88	1241	620.5	100	0
True	5	6	16.77	15	3.75	100	0
True	23	32	60.2	15290	695	100	0
True	2	69	394.07	164	164	5.8	2.9
True	38	59	1683.22	5265	142.3	100	13.56
True	3	4	9.3	9	4.5	100	0
True	4	5	1.03	4	1.33	100	100
True	120	177	427.31	53173	446.83	100	0
True	16	16	82.9	15	1	100	0
True	2	5	10.7	223	223	80	40
True	4	5	30.63	60	20	100	20
True	6	6	25.85	1790	358	100	0
True	5	5	30.43	3	0.75	100	0
True	2	3	13.59	87	87	100	33.33
True	12	12	58.71	2851	259.18	100	0
True	126	138	1190.77	42405	339.24	100	0
True	26	36	80.97	20856	834.24	100	0
True	8	10	28.19	816	116.57	100	20
True	4	8	211.39	5192	1730.67	100	12.5
True	61	63	469.53	62	1.03	100	0
True	2	3	17.86	905	905	100	0
True	98	140	303.01	46130	475.57	100	0
True	9	9	31.06	3506	438.25	100	0
True	2	2	7.17	10	10	100	0
True	18	18	75.5	42	2.47	100	0
True	5	9	220.3	1641	410.25	100	0
True	8	10	24.57	3639	519.86	100	0
True	2	11	104.08	19	19	18.18	18.18
True	3	5	14.49	2160	1080	100	0
True	7	7	39.71	2	0.33	100	0
True	8	10	45.24	2322	331.71	100	0
True	4	4	0.87	2	0.67	100	100
True	15	15	67.99	3298	235.57	100	0
True	3	7	60.15	2837	1418.5	100	0
True	13	16	21.32	20	1.67	100	6.25
True	2	2	8.84	481	481	100	0
True	3	139	1093.79	143	71.5	3.6	1.44
True	4	4	25.67	17	5.67	100	0
True	7	8	76.28	11	1.83	100	0
True	10	13	40.79	3403	378.11	100	0
True	2	2	2.87	328	328	100	0
True	4	4	0.87	2	0.67	100	100
True	5	6	23.01	3870	967.5	100	0
True	3	3	50.89	10	5	100	0
True	2	2	7.89	89	89	100	0
True	6	6	32.72	3282	656.4	100	0
True	2	2	20.88	1645	1645	100	0
True	18	20	69.49	91	5.35	100	0
True	2	3	13.04	5	5	100	0
True	4	4	0.87	3	1	100	100
True	4	6	27.28	7	2.33	100	0
True	5	5	28.56	2020	505	100	0
True	186	190	537.73	319	1.72	100	0
True	9	9	50.23	5269	658.63	100	0
True	25	41	119.67	18125	755.21	100	2.44
True	16	16	85.47	1559	103.93	100	0
True	16	17	92.82	5192	346.13	100	0
True	4	4	11.06	1257	419	100	0
True	10	15	72.86	1802	200.22	100	0
True	17	17	94.22	2874	179.63	100	0
True	4	4	10.53	3	1	100	0
True	4	5	30.35	2404	801.33	100	0
True	7	8	49.46	3	0.5	100	0
True	2	2	1.45	1048	1048	100	0
True	8	11	10.06	15	2.14	100	0
True	4	6	50.53	341	113.67	100	0
True	3	3	25.39	23	11.5	0	0
True	9	10	240.79	16	2	100	10
True	11	16	68.86	3276	327.6	100	0
True	7	8	60.13	2307	384.5	100	0
True	2	2	0	2	2	0	0
True	12	14	268.13	2772	252	100	0
True	13	14	40.73	3042	253.5	100	0
True	7	7	19.27	17	2.83	100	14.29
True	32	53	108.97	26153	843.65	100	1.89
True	14	15	69.36	3783	291	100	0
True	27	30	195.19	5284	203.23	100	0
True	39	44	192.07	104	2.74	100	0
True	2	2	6.47	4	4	0	0
True	3	3	14.08	7	3.5	100	0
True	12	16	153.9	1965	178.64	100	0
True	13	13	52.5	29	2.42	100	0
True	15	22	60.72	12274	876.71	100	0
True	10	11	18.96	33	3.67	100	9.09
True	2	2	1.54	371	371	100	0
True	2	3	173.12	674	674	100	0
True	9	16	173.01	4560	570	100	0
True	15	17	43.92	51	3.64	100	0
True	4	4	108.53	1261	420.33	100	0
True	2	2	12.68	2	2	0	0
True	3	5	11.54	6	3	100	0
True	7	11	57.15	703	117.17	100	0
True	7	7	41.42	2823	470.5	100	0
True	17	18	57.17	90	5.63	100	0
True	22	30	330.6	18	0.86	100	0
True	4	13	84.61	4	1.33	100	0
True	61	64	462.55	62	1.03	100	0
True	2	79	351.25	6	6	2.53	0
True	4	5	17.8	3711	1237	100	0
True	3	5	18.38	2113	1056.5	100	0
True	183	221	1561.88	54581	299.9	100	0
True	7	10	7.9	14	2.33	100	0
True	10	10	60.09	4204	467.11	100	0
True	3	3	22.82	2	1	0	0
True	5	23	38.81	6	1.5	82.61	4.35
True	179	237	2329.77	59639	335.05	100	0
True	2	2	5.25	21	21	100	0
True	8	11	150.42	4	0.57	100	0
True	5	5	18.32	1544	386	100	0
True	4	6	77.88	23	7.67	100	0
True	12	12	158.85	1084	98.55	100	0
True	9	9	51.12	1618	202.25	100	0
True	2	10	104.61	2	2	20	10
True	10	10	40.27	92	10.22	100	0
True	2	2	18.42	76	76	100	0
True	6	8	90.1	1591	318.2	100	0
True	20	31	173.31	9657	508.26	100	0
True	9	9	41.81	1563	195.38	100	0
True	65	65	395.25	20851	325.8	100	0
True	17	25	81.47	10694	668.38	100	0
True	6	6	101.23	214	42.8	100	0
True	7	7	15.27	5180	863.33	100	0
True	12	13	5.73	36	3.27	100	0
True	2	126	1115.44	553	553	3.17	1.59
True	5	7	33.08	3731	932.75	100	0
True	13	21	169.8	5880	490	100	0
True	43	45	279.54	11117	264.69	100	0
True	2	3	17.39	30	30	100	33.33
True	2	2	3.2	144	144	100	0
True	2	3	5.38	382	382	100	0
True	4	6	49.36	1129	376.33	100	33.33
True	6	8	52.3	1224	244.8	100	0
True	9	9	32.97	17	2.13	100	0
True	7	12	65.78	1641	273.5	100	0
True	13	13	31.63	4	0.33	100	7.69
True	22	26	111.99	2060	98.1	100	0
True	5	20	128.74	4753	1188.25	100	0
True	11	11	30.49	3264	326.4	100	0
True	3	4	15.05	1034	517	100	0
True	2	5	7.99	3279	3279	100	0
True	15	20	42.55	29	2.07	100	0
True	6	6	233.04	2762	552.4	100	0
True	11	11	62.93	2872	287.2	100	0
True	14	17	107.35	61	4.69	100	0
True	60	64	534.25	68	1.15	100	0
True	3	9	34.73	506	253	100	0
True	9	10	29.57	42	5.25	100	0
True	7	13	380.9	2018	336.33	100	0
True	4	7	33.58	4198	1399.33	100	0
True	2	3	25.21	170	170	100	33.33
True	332	334	1003.76	3649	11.02	100	0
True	13	17	348.86	4824	402	100	0
True	27	35	102.3	11298	434.54	100	0
True	21	22	143.59	3157	157.85	100	0
True	60	61	159.94	205	3.47	100	0
True	3	4	6.82	1008	504	100	0
True	14	18	48.32	8804	677.23	100	0
True	8	9	53.35	560	80	100	0
True	2	2	14.91	385	385	100	0
True	4	4	11.85	2	0.67	100	0
True	5	6	5.42	24	6	100	0
True	11	15	36.24	4489	448.9	100	0
True	4	5	30.79	199	66.33	100	20
True	14	15	182.65	23	1.77	100	0
True	4	117	228.54	40	13.33	3.42	0
True	2	11	72.67	2	2	18.18	9.09
True	4	4	11.59	14	4.67	100	0
True	3	3	162.61	3	1.5	0	0
True	4	4	12.62	8	2.67	100	0
True	2	110	1154.09	75	75	1.82	0
True	52	64	598.29	8606	168.75	100	0
True	6	7	41.89	17	3.4	100	0
True	2	4	10.52	23	23	75	25
True	15	259	2946.7	303	21.64	10.04	4.25
True	4	4	20.56	2162	720.67	100	0
True	61	63	482.11	61	1.02	100	0
True	14	16	318.18	20	1.54	100	0
True	4	4	0.87	2	0.67	100	100
True	43	45	249.11	6260	149.05	100	0
True	2	3	1.91	34	34	100	0
True	16	16	222.82	2	0.13	100	25
True	3	3	22.82	2	1	0	0
True	4	8	58.19	1894	631.33	100	0
True	2	78	660.66	16	16	1.28	1.28
True	540	542	1736.93	5870	10.89	100	0
True	14	15	76.92	42	3.23	100	0
True	4	6	9.35	1905	635	100	0
True	2	4	15.35	8	8	100	0
True	5	5	17.15	1343	335.75	100	0
True	3	3	22.82	2	1	0	0
True	4	4	13.9	285	95	50	0
True	5	10	29.95	5399	1349.75	100	0
True	14	14	67.82	23	1.77	100	0
True	2	2	5.3	185	185	100	0
True	3	8	92.6	434	217	100	0
True	2	2	11.35	610	610	100	0
True	536	542	2244.69	2517	4.7	100	0
True	5	8	98.9	2627	656.75	100	0
True	2	6	42.49	2	2	100	0
True	15	15	98.95	23	1.64	100	0
True	21	23	105.1	6343	317.15	100	0
True	61	63	460.91	66	1.1	100	0
True	2	4	43.51	862	862	100	0
True	3	12	156.35	2580	1290	100	0
True	7	9	34.36	1688	281.33	100	0
True	60	64	699.48	68	1.15	100	0
True	22	32	150.68	437	20.81	100	0
True	59	88	204.02	32012	551.93	100	0
True	7	12	63.75	110	18.33	100	0
True	3	7	14.37	1823	911.5	100	0
True	3	4	5.21	5	2.5	100	25
True	13	17	27.27	3397	283.08	100	0
True	2	2	87.9	1519	1519	100	0
True	33	45	136.15	19821	619.41	100	0
True	5	5	9.97	854	213.5	100	0
True	3	5	10.38	8	4	100	0
True	3	9	68.2	201	100.5	44.44	11.11
True	10	14	483.76	3521	391.22	100	0
True	4	5	10.26	7	2.33	100	0
True	4	4	5.72	2005	668.33	100	0
True	19	30	59.76	17	0.94	100	6.67
True	3	4	43.38	2835	1417.5	100	0
True	10	12	29.66	701	77.89	100	0
True	2	3	13.59	527	527	100	33.33
True	4	31	280.5	137	45.67	12.9	6.45
True	2	2	9.86	640	640	100	0
True	3	3	1.8	808	404	100	0
True	3	4	173.98	16	8	100	0
True	2	15	124.19	4	4	20	6.67
True	21	21	90.13	6541	327.05	100	0
True	4	4	0.87	3	1	100	100
True	3	3	22.84	999	499.5	100	0
True	2	2	0.19	901	901	100	50
True	415	416	1132.85	844	2.04	100	0
True	2	3	6.03	1908	1908	100	0
True	3	4	243.7	3910	1955	100	0
True	9	10	99.75	15	1.88	100	10
True	7	9	85	618	103	100	0
True	338	354	1164.55	710	2.11	100	0
True	64	77	397.98	12845	203.89	100	0
True	11	11	13.55	23	2.3	100	0
True	2	3	5.38	2106	2106	100	0
True	3	13	145.92	464	232	100	0
True	2	2	5.78	240	240	100	0
True	35	44	317.69	5854	172.18	100	0
True	2	4	52.14	2579	2579	100	0
True	4	4	7.02	43	14.33	0	0
True	64	85	239.51	28801	457.16	100	0
True	4	6	548.38	1746	582	100	0
True	214	215	714.58	747	3.51	100	0
True	238	265	2305.33	83167	350.92	100	1.13
True	106	157	377.79	55449	528.09	100	0
True	4	4	18.45	2	0.67	100	0
True	3	3	7.71	937	468.5	100	0
True	2	3	15.91	8	8	100	0
True	15	20	87.73	3851	275.07	100	0
True	3	3	14.78	832	416	100	0
True	4	4	4.32	943	314.33	100	0
True	24	29	46.86	12661	550.48	100	0
True	8	14	39.37	8556	1222.29	100	0
True	2	2	5.05	466	466	100	0
True	5	7	45.08	7	1.75	100	0
True	13	13	0	20	1.67	100	7.69
True	21	31	69.85	210	10.5	100	3.23
True	4	5	38.47	71	23.67	100	0
True	21	24	137.68	7179	358.95	100	0
True	11	12	81.07	1771	177.1	100	0
True	15	22	56.75	7155	511.07	100	0
True	16	34	245.19	7561	504.07	100	0
True	6	8	12.2	2724	544.8	100	0
True	41	55	457.79	12225	305.63	100	0
True	2	2	13.52	609	609	100	0
True	4	4	14.19	671	223.67	100	0
True	15	24	139.11	3595	256.79	100	0
True	5	5	17.37	1515	378.75	100	0
True	138	155	1130.13	31661	231.1	100	0.65
True	3	4	5.85	1602	801	100	0
True	24	32	76.48	10543	458.39	100	0
True	3	3	18.48	3	1.5	100	0
True	4	4	0.87	2	0.67	100	100
True	57	86	199.08	30521	545.02	100	0
True	3	3	23.25	199	99.5	100	0
True	2	4	0.38	972	972	100	0
True	2	2	3.3	3	3	0	0
True	9	9	43.55	1703	212.88	100	0
True	2	2	34.68	9	9	100	0
True	135	143	837.35	1078	8.04	100	0
True	4	5	10.57	26	8.67	100	0
True	99	148	1011.34	48570	495.61	70.27	0
True	8	8	21.9	3399	485.57	100	0
True	7	8	86.64	29	4.83	100	0
True	49	76	440.38	29669	618.1	100	0
True	5	6	45.73	24	6	100	0
True	10	11	64.16	18	2	100	0
True	91	97	772.2	26841	298.23	100	0
True	14	21	142	4807	369.77	100	0
True	2	2	5.01	49	49	100	0
True	3	3	4.3	578	289	100	0
True	2	4	73.56	2053	2053	100	0
True	36	51	110.64	20431	583.74	100	0
True	2	2	0.38	901	901	100	100
True	2	2	4.92	74	74	100	0
True	12	12	19.52	4840	440	50	0
True	46	65	475.36	16070	357.11	100	0
True	4	4	0.87	2	0.67	100	100
True	27	29	133.05	6986	268.69	100	0
True	78	79	262.01	265	3.44	100	0
True	2	2	7.47	340	340	100	0
True	2	2	1.09	143	143	100	0
True	5	7	27.05	92	23	100	0
True	3	3	69.61	585	292.5	100	0
True	12	12	189.85	172	15.64	100	50
True	6	14	106	561	112.2	100	0
True	18	27	225.73	8004	470.82	100	0
True	12	14	24.79	18	1.64	100	0
True	4	4	19.7	470	156.67	100	0
True	4	4	3.83	16	5.33	100	0
True	17	19	112.31	2627	164.19	100	0
True	2	36	723.75	5	5	13.89	11.11
True	4	4	29.03	2712	904	100	0
True	3	4	6.81	1959	979.5	100	0
True	5	6	1.14	8	2	100	100
True	134	184	494.49	70225	528.01	100	0
True	3	3	22.82	2	1	0	0
True	2	42	237.08	1451	1451	4.76	0
True	3	3	11.54	1192	596	100	0
True	2	3	24.79	1001	1001	100	33.33
True	2	3	8.4	1408	1408	100	33.33
True	10	22	89.53	6061	673.44	100	0
True	38	45	288.92	10289	278.08	100	0
True	26	32	429.89	7382	295.28	100	0
True	16	16	138.65	24	1.6	100	0
True	5	6	56.28	901	225.25	100	0
True	154	237	559.04	79337	518.54	100	0
True	13	13	62.11	15	1.25	100	0
True	33	40	427.38	5764	180.13	100	0
True	4	14	83.36	969	323	100	42.86
True	70	101	236.77	31712	459.59	100	0
True	4	4	19.07	1419	473	100	0
True	3	75	388.41	726	363	4	2.67
True	2	3	17.39	116	116	100	33.33
True	25	37	273.63	10458	435.75	100	0
True	11	11	48.32	1658	165.8	100	0
True	6	8	40.44	2746	549.2	100	25
True	2	2	18.71	551	551	100	0
True	16	18	96.38	2900	193.33	100	0
True	30	43	103.72	11740	404.83	100	0
True	22	28	191.18	5756	274.1	100	0
True	2	2	2.18	4	4	100	0
True	3	4	6.81	922	461	100	0
True	4	4	33.3	2610	870	100	0
True	3	4	188.11	10	5	100	0
True	5	5	26.75	13	3.25	100	0
True	14	15	60.16	1162	89.38	100	0
True	2	3	24.67	721	721	100	33.33
True	2	11	85.74	15	15	18.18	0
True	9	10	204.53	3400	425	100	0
True	5	6	1.14	3	0.75	100	100
True	4	6	6.96	9	3	100	0
True	10	11	45.27	31	3.44	100	18.18
True	3	3	12.18	2	1	100	0
True	2	3	13.57	92	92	100	33.33
True	2	43	271.84	8	8	9.3	4.65
True	7	9	19.08	6006	1001	100	0
True	9	10	57.83	15	1.88	100	0
True	2	4	26.31	3142	3142	100	0
True	3	3	109.02	2137	1068.5	100	0
True	3	4	6.81	1119	559.5	100	0
True	33	43	323.99	8646	270.19	100	4.65
True	38	43	210.19	9893	267.38	100	0
True	5	6	9.68	2606	651.5	100	0
True	4	4	69.02	1546	515.33	100	0
True	60	64	547.88	80	1.36	100	0
True	10	11	62.84	18	2	100	9.09
True	4	4	23.86	2	0.67	100	0
True	3	3	22.82	3	1.5	0	0
True	5	6	21.64	4	1	100	0
True	48	67	122.58	23674	503.7	100	0
True	2	23	140.94	4	4	13.04	4.35
True	61	65	566.8	62	1.03	98.46	0
True	6	6	27.83	3180	636	100	0
True	2	76	744.99	4	4	3.95	1.32
True	2	3	15.57	1201	1201	100	0
True	11	12	74.19	139	13.9	100	0
True	5	5	16.44	468	117	100	0
True	6	13	62.65	1965	393	100	7.69
True	3	5	12.84	6	3	100	0
True	35	48	98.77	22392	658.59	100	0
True	9	10	55.78	1117	139.63	100	0
True	11	14	70.19	3001	300.1	100	0
True	2	2	8.99	569	569	100	0
True	7	9	36.54	4109	684.83	100	0
True	5	5	41.43	3472	868	100	0
True	3	3	5.8	746	373	100	0
True	15	17	137.31	5986	427.57	100	0
True	2	2	7.82	3	3	100	0
True	269	292	3092.5	83543	311.73	100	0.34
True	3	3	12.46	395	197.5	66.67	0
True	43	58	142.96	17286	411.57	100	0
True	3	5	7.92	1114	557	100	0
True	2	11	273.09	922	922	100	0
True	52	81	181.97	30238	592.9	100	0
True	19	21	103.79	2999	166.61	100	4.76
True	10	14	34.25	3333	370.33	100	0
True	3	6	36.96	1040	520	100	0
True	6	7	79.27	17	3.4	100	0
True	16	16	76.34	36	2.4	100	12.5
True	4	5	30.94	616	205.33	100	20
True	12	12	45.68	1284	116.73	100	0
True	684	1006	1777.66	3467	5.08	100	0
True	2	3	17.37	3	3	100	33.33
True	2	2	14.88	365	365	100	0
True	13	14	78.5	8174	681.17	100	0
True	5	12	24.79	3166	791.5	100	0
True	6	7	5.38	29	5.8	100	0
True	2	2	63.96	266	266	100	0
True	26	27	98.32	5334	213.36	100	0
True	4	4	7.11	965	321.67	50	0
True	39	48	285.4	8489	223.39	100	0
True	2	72	489.42	12	12	25	2.78
True	2	2	13.63	4	4	0	0
True	6	12	66.5	3210	642	100	0
True	82	108	1435.62	18257	225.4	100	0.93
True	2	2	0	833	833	100	0
True	2	2	2.4	745	745	100	0
True	27	33	244.4	5106	196.38	100	0
True	5	5	14.43	1083	270.75	100	0
True	49	73	299.69	2173	45.27	100	1.37
True	20	21	120.42	4428	233.05	100	0
True	3	3	22.82	2	1	0	0
True	2	4	7.91	635	635	100	0
True	9	11	33.08	3207	400.88	100	0
True	4	5	30.79	369	123	100	20
True	11	12	72	3024	302.4	100	0
True	2	125	1203.26	19	19	1.6	0.8
True	17	24	165.17	3002	187.63	100	0
True	6	8	38.22	3010	602	100	0
True	5	7	28.85	39	9.75	100	0
True	2	3	3.97	271	271	100	0
True	17	23	137.23	4495	280.94	100	0
True	4	6	32.46	2826	942	100	0
True	15	16	107.85	2459	175.64	100	0
True	13	18	441.78	5255	437.92	100	0
True	4	4	0.87	3	1	100	100
True	4	4	5.83	45	15	100	0
True	6	28	113	525	105	100	0
True	5	5	40.96	957	239.25	100	0
True	2	9	90.08	1330	1330	100	0
True	5	5	108.77	1980	495	100	0
True	4	5	21.95	2	0.67	100	0
True	2	2	3.97	3	3	0	0
True	51	81	202.83	25271	505.42	100	0
True	5	5	36.68	4719	1179.75	100	0
True	24	28	50.26	10367	450.74	100	0
True	6	10	22.92	2445	489	100	0
True	178	183	465.69	504	2.85	100	0
True	4	4	17.05	1035	345	100	0
True	7	7	50.44	2078	346.33	100	0
True	2	2	11.5	211	211	100	0
True	2	29	214.58	62	62	6.9	0
True	61	63	472.34	123	2.05	100	0
True	5	7	6.55	2039	509.75	100	0
True	4	4	32.88	790	263.33	100	0
True	12	12	60.29	3887	353.36	100	0
True	8	8	29.58	19	2.71	100	0
True	2	4	19.49	1074	1074	50	0
True	49	63	372.82	11145	232.19	100	0
True	21	22	65.51	36	1.8	100	0
True	50	70	160.69	24762	505.35	100	0
True	20	22	92.6	3816	200.84	100	0
True	18	18	4.13	257	15.12	100	100
True	61	79	173.46	24672	411.2	100	0
True	3	3	4.28	694	347	100	0
True	22	24	281.66	7888	375.62	100	0
True	5	11	26.03	7573	1893.25	100	0
True	88	117	237.64	42679	490.56	100	0
True	2	3	15.12	19	19	100	0
True	5	5	61.29	20	5	100	0
True	13	17	161.72	3402	283.5	100	0
True	7	11	64.36	1412	235.33	100	0
True	8	8	55.05	2239	319.86	100	0
True	2	2	2.95	278	278	100	0
True	3	10	44.04	322	161	100	0
True	2	77	703.19	13	13	1.3	1.3
True	5	5	7.16	1558	389.5	100	0
True	6	7	43.15	1002	200.4	100	0
True	2	2	23.62	3	3	100	0
True	6	8	287.78	17	3.4	100	0
True	5	14	41.43	5535	1383.75	100	0
True	14	14	64.32	20	1.54	100	7.14
True	2	6	17.78	198	198	33.33	33.33
True	2	2	2.88	3	3	100	0
True	60	64	479.16	66	1.12	100	0
True	2	3	2.19	1743	1743	100	33.33
True	120	176	392.28	58440	491.09	100	0
True	3	4	61.96	1326	663	100	0
True	11	12	65	14	1.4	100	0
True	2	3	40.04	1204	1204	100	0
True	3	4	4.91	6	3	100	0
True	247	257	1228.29	613	2.49	100	0
True	4	4	11.36	668	222.67	100	0
True	4	104	5353.14	46633	15544.33	100	0
True	6	7	40.94	8	1.6	100	0
True	8	8	16.76	12	1.71	100	0
True	5	5	5.71	14	3.5	100	0
True	7	10	61.25	1742	290.33	100	0
True	146	148	493.05	448	3.09	100	0
True	24	37	93.67	12934	562.35	100	0
True	3	6	11.85	1379	689.5	100	0
True	3	3	20.3	1821	910.5	100	0
True	10	10	11.82	20	2.22	100	0
True	90	91	17.18	28	0.31	100	100
True	4	4	0.87	6	2	100	100
True	17	18	25.57	25	1.56	100	0
True	24	35	142.15	14022	609.65	100	0
True	5	5	21.85	1286	321.5	100	0
True	7	7	29.07	1097	182.83	100	0
True	6	9	47.73	14	2.8	100	0
True	37	56	298.01	36	1	71.43	1.79
True	4	4	29.17	838	279.33	100	0
False	4	141	1250.61	575	191.67	1.42	1.42
False	12	71	888.94	905	82.27	0	4.23
False	11	79	1084.06	1017	101.7	1.27	1.27
False	3	10	129.19	296	148	10	10
False	2	24	547.93	8	8	4.17	8.33
False	2	23	402.08	66	66	34.78	4.35
False	19	183	1810.29	298	16.56	9.29	0
False	3	173	1467.53	112	56	1.16	1.16
False	3	87	839.57	126	63	0	0
False	2	139	1113.57	12	12	2.16	2.16
False	7	22	299.13	1021	170.17	4.55	4.55
False	35	226	1843.14	503	14.79	0.44	1.77
False	10	414	3907.45	500	55.56	0.24	0.24
False	4	147	1270.81	49	16.33	0	0
False	6	71	563.09	991	198.2	0	0
False	10	116	1609.55	103	11.44	3.45	3.45
False	2	56	498.62	48	48	1.79	3.57
False	2	125	1094.39	6	6	3.2	3.2
False	2	76	645.01	19	19	1.32	1.32
False	3	311	2978.15	462	231	0.32	0.32
False	3	141	1218.64	234	117	0.71	0.71
False	2	142	1175.69	81	81	1.41	1.41
False	4	218	1865.62	208	69.33	0.92	0.92
False	3	148	1279.8	47	23.5	1.35	1.35
False	3	127	1159.61	854	427	1.57	1.57
False	4	40	735.57	22	7.33	10	2.5
False	10	248	5001.27	743	82.56	2.82	2.42
False	3	152	1404.32	97	48.5	0	0
False	6	130	1038.43	461	92.2	1.54	3.08
False	46	375	4013.84	1267	28.16	0.53	2.93
False	3	120	1385.35	179	89.5	1.67	2.5
False	2	141	1161.36	127	127	1.42	1.42
False	2	86	874.91	11	11	1.16	4.65
False	5	329	3292.19	2147	536.75	0.91	1.22
False	7	143	1582.76	58	9.67	2.8	2.8
False	2	150	1332.57	31	31	1.33	1.33
False	10	100	668.85	124	13.78	2	2
False	2	77	626.73	3	3	2.6	2.6
False	3	161	1374.54	34	17	0.62	0.62
False	2	133	1114.74	15	15	2.26	2.26
False	2	9	47.19	10	10	22.22	33.33
False	2	141	1165.28	107	107	0.71	0.71
False	2	77	604.23	7	7	2.6	2.6
False	3	133	1138.15	1228	614	2.26	2.26
False	3	52	362.41	112	56	3.85	3.85
False	8	139	1286.3	112	16	1.44	1.44
False	5	189	1531.51	223	55.75	1.06	1.06
False	2	75	564.64	10	10	1.33	1.33
False	2	126	1084.11	75	75	1.59	1.59
False	4	253	2420.17	447	149	0.4	0.4
False	4	165	1487.56	50	16.67	0.61	1.82
False	6	156	1332.96	111	22.2	0.64	1.28
False	6	205	1847.67	67	13.4	0.49	0.49
False	4	246	2651.63	41	13.67	0.41	0.41
False	4	150	1275.46	382	127.33	0	0
False	5	155	1326.19	94	23.5	1.29	2.58
False	2	19	441.94	6	6	15.79	10.53
False	8	84	2227.41	491	70.14	3.57	3.57
False	3	6	45.84	37	18.5	16.67	16.67
False	2	64	654.32	68	68	1.56	1.56
False	5	164	1452.72	175	43.75	0.61	0.61
False	3	177	1632.38	136	68	0.56	0.56
False	10	213	1943.55	926	102.89	0.47	0.47
False	10	289	2914.05	984	109.33	0.35	0.69
False	2	58	333.85	1489	1489	1.72	1.72
False	8	118	1466.34	342	48.86	0.85	0.85
False	21	194	1681.68	1053	52.65	0.52	0.52
False	6	45	999.61	237	47.4	6.67	6.67
False	7	176	1685.06	821	136.83	0	0
False	4	179	2181.29	44	14.67	0.56	0.56
False	3	63	417.76	212	106	1.59	1.59
False	8	84	688.09	185	26.43	0	0
False	11	140	3314.54	672	67.2	1.43	1.43
False	2	17	800	8	8	17.65	11.76
False	6	94	1731.92	165	33	6.38	6.38
False	2	7	86.43	118	118	0	14.29
False	2	32	709.22	181	181	6.25	9.38
False	3	84	654.65	306	153	1.19	1.19
False	2	77	720.68	2	2	1.3	1.3
False	2	35	863.24	13	13	5.71	5.71
False	7	142	1363.94	301	50.17	0	0.7
False	5	57	347.74	114	28.5	3.51	3.51
False	13	214	1889.24	574	47.83	0.93	0.93
False	3	158	1489.07	191	95.5	0.63	1.27
False	2	165	1613.52	27	27	1.21	1.21
False	2	125	1148.58	140	140	0.8	0.8
False	22	338	3477.91	263	12.52	0.59	0.59
False	3	150	1283.69	55	27.5	2.67	1.33
False	2	14	292.48	4	4	0	0
False	2	127	1073.55	325	325	2.36	2.36
False	2	125	1087.63	725	725	1.6	1.6
False	2	144	1212.53	41	41	1.39	1.39
False	108	941	9930.29	3045	28.46	0.21	2.02
False	9	79	677.59	1166	145.75	3.8	1.27
False	2	77	598.29	5	5	2.6	2.6
False	2	76	682.73	3	3	1.32	1.32
False	2	67	652	16	16	0	0
False	2	44	1510.31	22	22	4.55	2.27
False	4	155	1263.7	114	38	1.94	2.58
False	2	30	732.96	17	17	6.67	6.67
False	3	93	871.35	85	42.5	0	1.08
False	9	210	1849.63	164	20.5	0	1.43
False	5	119	1080.07	30	7.5	1.68	1.68
False	3	147	1226.26	98	49	0	0
False	2	24	547.93	15	15	0	8.33
False	3	26	507.07	47	23.5	11.54	7.69
False	6	29	631.58	3422	684.4	0	0
False	4	112	1049.54	24	8	0.89	0.89
False	2	76	659.04	8	8	2.63	2.63
False	3	148	1532.75	60	30	0.68	0.68
False	2	124	1218.25	59	59	0	0
False	3	137	1206.83	127	63.5	0.73	0.73
False	4	157	1326.01	79	26.33	1.27	1.27
False	2	5	40.03	24	24	20	20
False	2	149	1425.27	335	335	1.34	1.34
False	2	56	595.95	17	17	1.79	3.57
False	3	23	448.46	13	6.5	13.04	13.04
False	19	257	3469.25	739	41.06	1.17	3.89
False	2	54	548.68	879	879	0	0
False	13	293	3060.6	407	33.92	0.34	0.34
False	2	125	1023.85	109	109	0.8	0.8
False	3	177	1723.93	33	16.5	1.13	1.13
False	20	220	1921.61	310	16.32	0.91	2.27
False	46	346	2820.82	1529	33.98	0.29	0.58
False	7	163	3007.7	483	80.5	1.84	1.23
False	3	92	737.44	32	16	1.09	1.09
False	7	251	2089.43	218	36.33	0.8	0.8
False	3	39	629.19	16	8	5.13	5.13
False	3	147	1333.93	139	69.5	0.68	0.68
False	3	51	391.59	26	13	1.96	1.96
False	4	73	978.86	1184	394.67	5.48	5.48
False	3	129	1203.37	39	19.5	0.78	0.78
False	5	126	1006.91	139	34.75	3.17	0.79
False	70	1083	10891.26	3564	51.65	0.28	0.18
False	6	98	2697.48	159	31.8	4.08	3.06
False	5	153	1301.71	219	54.75	1.31	1.31
False	22	371	4037.21	565	26.9	0.27	1.35
False	2	77	630.41	3	3	1.3	1.3
False	7	188	1632.01	106	17.67	1.06	1.06
False	8	174	1500.65	311	44.43	0.57	1.72
False	9	189	1590.71	232	29	0	0
False	2	76	804.3	3	3	2.63	2.63
False	14	207	1804.73	388	29.85	0.97	0.97
False	2	77	655.35	6	6	1.3	1.3
False	2	143	1164.01	128	128	0.7	0.7
False	12	184	1946.87	119	10.82	0.54	1.09
False	3	150	1247.49	83	41.5	0.67	0.67
False	7	230	1938.74	113	18.83	0	0.87
False	2	21	533.72	14	14	14.29	9.52
False	7	67	1095.8	99	16.5	11.94	1.49
False	22	388	3292.85	738	35.14	0	0
False	6	116	1098.54	176	35.2	2.59	1.72
False	8	152	1349.28	218	31.14	1.32	1.32
False	2	42	228.85	13	13	2.38	4.76
False	3	153	1315.27	127	63.5	0.65	0.65
False	2	11	79.13	3	3	0	0
False	2	146	1471.38	79	79	0.68	0.68
False	13	283	2579.7	1339	111.58	1.41	1.41
False	3	147	1288.13	538	269	0	0.68
False	4	81	587.9	80	26.67	3.7	2.47
False	8	115	915.59	149	21.29	1.74	7.83
False	10	48	568.31	710	78.89	6.25	4.17
False	17	208	1832.01	242	15.13	0.96	1.44
False	5	112	1458.33	55	13.75	0.89	0.89
False	34	362	3357.8	1535	46.52	0.55	0.55
False	4	149	1290.4	338	112.67	0	0.67
False	3	151	1295.79	152	76	1.32	1.32
False	3	149	1310.17	281	140.5	0.67	0.67
False	24	269	2300.34	458	19.91	0.37	0.37
False	4	171	1395.06	635	211.67	0.58	1.17
False	9	256	2012.62	1437	179.63	0.78	0.78
False	2	77	677.3	3	3	1.3	1.3
False	17	404	3631.81	1076	67.25	0.74	0.5
False	4	140	2288.15	512	170.67	0	0.71
False	3	122	1094.96	8	4	1.64	1.64
False	8	186	1714.7	176	25.14	0	0
False	24	249	2223.45	556	24.17	0.8	0.8
False	24	288	2637.28	178	7.74	0.69	1.04
False	3	151	1326.93	62	31	0	0
False	3	144	1224.18	70	35	0.69	0.69
False	6	61	765.51	413	82.6	1.64	1.64
False	2	135	1143.87	742	742	0.74	0.74
False	42	281	2636.6	282	6.88	0.71	0.71
False	2	122	1058.96	106	106	0	0.82
False	5	241	2629.57	510	127.5	0.83	0
False	4	195	1689.94	225	75	0	1.03
False	14	297	2694.9	225	17.31	0.67	0.67
False	30	490	4664.19	668	23.03	0.41	0.41
False	3	147	1169.52	34	17	0.68	0.68
False	3	34	249.29	633	316.5	2.94	2.94
False	4	154	1510.5	38	12.67	1.3	1.3
False	2	154	1568.96	111	111	0	0.65
False	6	155	1264.09	170	34	0	1.29
False	4	171	2020.66	91	30.33	1.17	1.17
False	3	56	517.14	74	37	1.79	1.79
False	4	25	187.5	52	17.33	0	0
False	2	141	1169.92	143	143	0	0.71
False	4	96	745.97	26	8.67	1.04	1.04
False	3	101	860.64	121	60.5	0.99	0.99
False	7	176	1758.53	147	24.5	1.14	1.14
False	4	153	1268.08	51	17	0.65	1.31
False	13	188	1775.37	166	13.83	0	1.06
False	2	76	681.33	7	7	2.63	2.63
False	2	91	1071.24	7	7	3.3	2.2
False	6	123	1835.44	147	29.4	2.44	1.63
False	3	231	2254.96	136	68	0	0.43
False	27	535	4998.9	556	21.38	0.37	0.37
False	3	57	485.74	53	26.5	5.26	5.26
False	3	132	1179.11	791	395.5	0.76	0.76
False	3	206	1855.06	90	45	3.88	2.91
False	10	309	3345.74	345	38.33	0.97	0.97
False	2	78	664.26	3	3	2.56	2.56
False	3	135	1198.09	30	15	1.48	1.48
False	12	223	2433.92	288	26.18	0.45	0.9
False	3	9	55.63	92	46	22.22	22.22
False	3	81	706.12	37	18.5	1.23	1.23
False	7	157	1338.46	119	19.83	0.64	1.91
False	3	58	369.64	145	72.5	3.45	5.17
False	6	68	1038.81	487	97.4	5.88	5.88
False	8	68	1629.28	1522	217.43	4.41	2.94
False	2	109	2447.09	60	60	0.92	0.92
False	2	6	39.9	230	230	16.67	16.67
False	7	205	2194.94	250	41.67	0.49	0.49
False	13	661	6228.61	329	27.42	0.3	0.3
False	4	320	3048.08	187	62.33	0.63	0.63
False	6	57	1235.15	682	136.4	3.51	3.51
False	6	268	2419.41	132	26.4	0.75	0.75
False	2	77	694.24	4	4	2.6	2.6
False	4	65	583.7	261	87	1.54	1.54
False	2	48	363.12	183	183	0	4.17
False	4	27	281.89	194	64.67	7.41	7.41
False	3	34	302.47	30	15	5.88	2.94
False	2	126	1260.3	69	69	0.79	0.79
False	3	160	1487.56	22	11	1.25	2.5
False	7	89	925.61	196	32.67	2.25	3.37
False	61	628	5685.11	2126	35.43	0.32	0.96
False	10	165	1469.24	101	11.22	0.61	2.42
False	3	111	1156.01	162	81	0	2.7
False	4	123	1057.44	19	6.33	0.81	0.81
False	5	225	2101.6	116	29	0	0.44
False	4	151	1262.76	84	28	0.66	1.32
False	3	8	44.58	2179	1089.5	25	25
False	2	77	600.97	4	4	2.6	2.6
False	9	20	160.04	380	47.5	15	5
False	3	10	144.34	799	399.5	10	10
False	3	88	726.18	75	37.5	1.14	1.14
False	2	77	669.33	3	3	2.6	2.6
False	2	71	708.68	5	5	0	0
False	5	197	1648.14	46	11.5	1.02	1.02
False	5	120	1618.25	110	27.5	1.67	0.83
False	3	137	1186.92	43	21.5	1.46	1.46
False	9	206	3547.96	354	44.25	1.94	1.46
False	2	146	1250.86	69	69	0.68	0.68
False	7	533	4944.05	1172	195.33	0.19	0.19
False	2	154	1308.5	93	93	0.65	0.65
False	3	50	301.7	39	19.5	8	12
False	4	110	947.22	66	22	0.91	0.91
False	3	146	1255.72	43	21.5	0.68	0.68
False	4	172	1415.64	30	10	1.16	1.16
False	2	169	1622.17	19	19	1.18	1.18
False	2	43	223.4	277	277	0	2.33
False	4	8	45.17	313	104.33	12.5	12.5
False	5	176	1358.99	131	32.75	0.57	1.7
False	20	242	2025.46	305	16.05	0.83	0.83
False	10	313	2612.25	722	80.22	0	1.28
False	3	131	1323.52	160	80	0.76	0.76
False	7	337	3175.33	691	115.17	0.59	0.59
False	5	196	1856.48	645	161.25	0	0
False	15	367	3088.53	198	14.14	0.27	0.27
False	7	74	446.65	232	38.67	2.7	1.35
False	4	175	1576.89	633	211	8	0
False	2	7	86.81	10	10	14.29	14.29
False	2	135	1137.44	28	28	0.74	0.74
False	2	58	485.41	6	6	5.17	6.9
False	19	413	3692.78	160	8.89	0	0.24
False	2	16	183.92	74	74	6.25	6.25
False	7	182	1736.18	499	83.17	0.55	0.55
False	3	150	1277.79	48	24	1.33	1.33
False	4	189	3300.08	49	16.33	0	0
False	2	75	600.71	5	5	0	0
False	99	748	9720.56	3127	31.91	0.53	0.94
False	2	80	415.67	2086	2086	1.25	0
False	3	148	1231.52	70	35	1.35	1.35
False	7	171	1596.73	1315	219.17	1.17	1.75
False	10	167	2036.16	1011	112.33	2.4	2.4
False	3	136	1177.74	128	64	0.74	0.74
False	2	77	471.77	113	113	22.08	2.6
False	9	285	2553.89	368	46	2.11	0.35
False	5	89	1845.59	194	48.5	2.25	1.12
False	4	130	1309.71	42	14	1.54	1.54
False	5	173	1439.77	189	47.25	1.16	1.16
False	3	103	1000.2	8	4	1.94	2.91
False	3	188	1601.16	126	63	1.6	1.06
False	4	183	1748.06	174	58	0.55	0.55
False	5	177	1475.7	681	170.25	8.47	0
False	19	493	4588.39	718	39.89	0	0.41
False	4	155	1309.82	138	46	1.29	1.29
False	21	304	2768.22	313	15.65	0.66	1.97
False	2	157	1205.65	70	70	0	0
False	4	118	1244.8	68	22.67	1.69	1.69
False	5	117	987.96	81	20.25	0.85	1.71
False	13	272	2634.44	632	52.67	0.74	1.1
False	4	161	1472.07	84	28	1.24	1.86
False	7	196	1821.57	117	19.5	1.53	0.51
False	4	94	803.68	30	10	1.06	1.06
False	3	132	1249.12	15	7.5	1.52	1.52
False	16	161	1336.64	843	56.2	0	0.62
False	20	555	5161.21	1008	53.05	0.18	0.36
False	7	167	1363.61	275	45.83	0.6	0.6
False	4	82	755.81	15	5	1.22	1.22
False	3	84	734.32	52	26	2.38	2.38
False	3	226	2275.98	30	15	1.33	1.33
False	6	138	1275.36	226	45.2	0.72	0.72
False	59	473	4561.01	1229	21.19	0.42	0.42
False	4	108	951.58	63	21	0.93	0.93
False	3	176	1611.36	323	161.5	1.14	1.14
False	2	143	1185.57	362	362	1.4	1.4
False	3	39	854.79	14	7	2.56	2.56
False	10	227	2400.04	286	31.78	0.44	1.32
False	3	205	1858.95	91	45.5	0.49	0.49
False	7	122	1762.9	306	51	3.28	3.28
False	2	42	340.92	364	364	4.76	4.76
False	2	123	1035.79	795	795	1.63	1.63
False	7	51	1258.32	84	14	1.96	1.96
False	5	156	1353.63	195	48.75	0	0
False	2	35	1593.63	24	24	5.71	5.71
False	6	159	1422.37	108	21.6	1.26	1.89
False	3	69	448.19	81	40.5	24.64	21.74
False	3	149	1307.21	206	103	1.34	1.34
False	2	41	335.54	56	56	0	2.44
False	23	286	3036.28	910	41.36	1.05	0.7
False	4	154	1276.87	162	54	1.3	1.95
False	15	425	4629.09	2401	171.5	0.24	1.41
False	2	126	1262.44	1752	1752	1.59	1.59
False	4	161	1393.39	164	54.67	1.24	1.24
False	2	77	744.13	4	4	0	1.3
False	4	163	1416.92	28	9.33	1.23	1.84
False	20	345	3083.73	385	20.26	0.29	0.29
False	2	128	1202.7	285	285	1.56	1.56
False	7	170	1545.89	990	165	1.18	1.18
False	3	87	885.65	16	8	0	0
False	2	89	1123.32	14	14	1.12	1.12
False	2	28	535.42	31	31	3.57	3.57
False	9	272	2464.54	330	41.25	1.1	1.84
False	2	58	398.8	102	102	5.17	3.45
False	25	524	4869.42	498	20.75	0.19	0.57
False	2	91	855.89	64	64	0	1.1
False	2	45	218.69	54	54	4.44	4.44
False	7	204	1837.88	152	25.33	0	1.96
False	8	139	993.88	108	15.43	5.04	1.44
False	42	457	4962.85	1298	31.66	0.44	0.66
False	2	67	334.94	27	27	0	0
False	2	139	1158.77	238	238	0.72	0.72
False	2	59	880.12	19	19	3.39	3.39
False	22	287	2555.6	845	40.24	0.35	0.35
False	3	167	1465.17	11	5.5	0.6	0.6
False	6	47	380.61	541	108.2	4.26	0
False	2	122	1041.68	307	307	0.82	0.82
False	2	11	60.18	10	10	18.18	18.18
False	4	155	1294.81	63	21	1.29	1.94
False	7	143	1328.75	244	40.67	0.7	0.7
False	5	216	2202.19	66	16.5	0.46	0.46
False	2	152	1247.28	225	225	0.66	0.66
False	4	90	745.23	55	18.33	1.11	1.11
False	12	342	3043.6	1042	94.73	0.29	0.29
False	2	136	1122.93	65	65	1.47	1.47
False	5	41	1067.12	153	38.25	7.32	0
False	2	84	670.28	941	941	1.19	1.19
False	2	28	1369.1	14	14	3.57	3.57
False	9	62	1034.88	317	39.63	3.23	3.23
False	3	22	453.16	11	5.5	13.64	9.09
False	4	170	1460.96	106	35.33	0	0.59
False	2	77	628.39	13	13	2.6	2.6
False	2	89	1030.57	143	143	1.12	1.12
False	3	74	349.54	61	30.5	2.7	2.7
False	12	481	4649.17	1073	97.55	0.21	0.21
False	2	20	360.24	10	10	10	10
False	2	152	1405.4	24	24	0	0.66
False	6	23	353.02	24	4.8	30.43	8.7
False	3	32	194.04	289	144.5	12.5	12.5
False	2	38	283.56	19	19	2.63	2.63
False	2	107	920.36	18	18	0	0.93
False	2	100	735.65	106	106	2	2
False	6	122	1849.12	77	15.4	1.64	1.64
False	3	132	1335.85	38	19	1.52	1.52
False	5	126	1175.99	124	31	1.59	1.59
False	3	93	1154.7	21	10.5	2.15	2.15
False	2	46	279.78	10	10	6.52	6.52
False	8	365	3741.66	361	51.57	0	0.27
False	33	355	2785.4	402	12.56	0.28	0.85
False	13	246	2282.32	386	32.17	0.41	0.41
False	5	55	1089.82	185	46.25	3.64	3.64
False	4	87	849.74	75	25	0	0
False	3	60	512.36	144	72	5	5
False	3	108	999.57	202	101	0	0.93
False	11	195	1907.76	351	35.1	1.03	1.03
False	2	154	1286.79	85	85	0.65	0.65
False	3	131	1211.93	94	47	1.53	1.53
False	2	176	1663.2	57	57	1.14	1.14
False	3	240	2225.17	92	46	0	0.42
False	2	125	1088.84	249	249	0.8	0.8
False	2	143	1288.98	87	87	0.7	0.7
False	2	92	843.82	8	8	0	0
False	2	77	621.88	5	5	2.6	2.6
False	3	38	925.51	149	74.5	10.53	5.26
False	3	54	1248.23	956	478	5.56	5.56
False	5	19	56.69	31	7.75	31.58	21.05
False	4	134	1185.27	121	40.33	0.75	0.75
False	5	160	1400.15	103	25.75	1.25	1.25
False	5	213	2184.77	100	25	0.94	0.94
False	7	101	3443.55	250	41.67	6.93	5.94
False	2	76	384.45	1488	1488	2.63	2.63
False	2	9	84.42	23	23	11.11	11.11
False	38	296	3228.02	1375	37.16	1.01	1.01
False	5	192	2099.19	149	37.25	1.04	0.52
False	15	71	1477.83	1026	73.29	2.82	2.82
False	4	116	1162.06	68	22.67	1.72	1.72
False	6	193	1642.8	45	9	0.52	0.52
False	9	111	2932.92	1443	180.38	7.21	6.31
False	3	24	479.26	281	140.5	0	0
False	2	111	988.78	47	47	0.9	0.9
False	2	43	1510.17	18	18	4.65	2.33
False	6	157	1336.68	105	21	1.27	1.27
False	2	77	709.99	5	5	1.3	1.3
False	7	101	1070.28	76	12.67	0.99	2.97
False	41	502	4805.33	2074	51.85	0.2	0.2
False	2	76	601.31	2	2	1.32	1.32
False	8	281	2660.4	535	76.43	0.71	1.07
False	2	121	1039.22	9	9	0.83	0.83
False	2	28	748.56	27	27	0	0
False	3	103	914.05	32	16	0	0
False	6	148	1293.87	3462	692.4	0.68	0
False	7	149	1641.58	186	31	3.36	2.68
False	2	77	659.25	7	7	1.3	1.3
False	3	148	1278.02	91	45.5	0.68	0.68
False	4	252	2207.46	437	145.67	0	0
False	3	24	390.91	48	24	4.17	4.17
False	6	40	173.65	109	21.8	20	10
False	2	171	1520.98	82	82	0	0.58
False	8	129	4516.19	213	30.43	5.43	3.88
False	2	58	440.49	210	210	3.45	3.45
False	3	142	1215.49	207	103.5	1.41	1.41
False	2	76	748.58	18	18	0	0
False	2	41	219.44	806	806	0	0
False	2	77	605.63	7	7	2.6	2.6
False	5	184	1458.16	58	14.5	2.72	2.17
False	2	163	2028.98	71	71	0	0
False	5	138	1266.45	201	50.25	0.72	0.72
False	3	139	1179.11	47	23.5	2.88	1.44
False	13	312	2942.45	575	47.92	6.09	0.64
False	2	63	372.88	355	355	1.59	1.59
False	2	44	278.84	14	14	4.55	4.55
False	11	299	2670.37	266	26.6	0.33	0.33
False	2	5	87.85	2	2	20	0
False	2	30	732.96	10	10	6.67	6.67
False	2	123	1066.29	547	547	1.63	1.63
False	2	77	662.73	4	4	1.3	1.3
False	3	149	1260.26	207	103.5	1.34	1.34
False	18	375	2979.77	284	16.71	1.6	0.53
False	3	141	1201.65	77	38.5	0.71	0.71
False	2	32	544.63	254	254	12.5	12.5
False	2	128	1286.07	19	19	2.34	1.56
False	2	18	373.44	8	8	5.56	5.56
False	3	153	1256.86	91	45.5	1.31	1.31
False	2	14	207.97	113	113	7.14	7.14
False	2	74	700.46	4	4	0	0
False	2	127	1080.75	612	612	1.57	1.57
False	5	180	1583.45	164	41	0.56	0.56
False	2	126	1112.68	107	107	1.59	1.59
False	16	309	3258.74	253	16.87	0.65	1.94
False	4	34	209.11	144	48	11.76	2.94
False	2	126	1196.72	57	57	0.79	0.79
False	17	215	1856	729	45.56	0.93	0.93
False	4	105	885.03	898	299.33	0.95	0.95
False	5	51	584.92	143	35.75	1.96	1.96
False	7	543	5598.46	912	152	0	0
False	3	72	533.16	1034	517	5.56	5.56
False	11	166	1468.5	27	2.7	0.6	0.6
False	4	162	1384.71	297	99	0	0
False	2	227	2299.81	131	131	0.88	0.88
False	4	32	178.96	11	3.67	12.5	6.25
False	11	407	3820.92	234	23.4	4.42	0.49
False	2	122	1040.87	1102	1102	0.82	0.82
False	3	159	1218.75	34	17	1.26	1.26
False	3	131	1204.12	41	20.5	0.76	0.76
False	3	123	1061.68	16	8	1.63	1.63
False	18	42	858.2	502	29.53	0	4.76
False	2	166	1608.78	85	85	9.64	0.6
False	5	157	1389.79	185	46.25	1.91	1.27
False	5	89	532.22	139	34.75	0	0
False	2	142	1538.5	21	21	1.41	1.41
False	3	199	1699.35	126	63	1.01	1.01
False	12	191	1467.97	218	19.82	1.05	1.05
False	6	79	1470.87	284	56.8	3.8	3.8
False	3	55	333.81	53	26.5	3.64	3.64
False	24	153	1460	1529	66.48	0	0.65
False	5	189	1611.58	96	24	1.06	1.06
False	2	21	525.03	37	37	9.52	9.52
False	3	49	292.09	108	54	2.04	2.04
False	6	165	1675.49	113	22.6	0	1.82
False	2	174	1133.25	216	216	0.57	0.57
False	9	276	2573.04	252	31.5	0.72	0.36
False	2	153	1361.65	303	303	1.96	1.31
False	3	187	1813.53	84	42	1.6	1.6
False	6	26	504.22	111	22.2	15.38	7.69
False	2	83	651.42	63	63	2.41	2.41
False	3	122	1019.2	948	474	1.64	1.64
False	3	31	606.89	20	10	12.9	12.9
False	2	38	389.58	3	3	0	0
False	6	307	2774.8	204	40.8	5.21	0.65
False	4	150	1427.87	88	29.33	1.33	2
False	4	86	930.49	30	10	4.65	2.33
False	2	98	1433.43	173	173	1.02	1.02
False	3	139	1554.24	48	24	0	0
False	24	90	834.04	1190	51.74	0	2.22
False	8	246	2385.72	561	80.14	0.81	1.63
False	5	52	1184.28	123	30.75	3.85	3.85
False	3	149	1466.34	60	30	0.67	0.67
False	3	134	1165.36	43	21.5	0.75	0.75
False	9	179	1657.75	2636	329.5	0.56	0.56
False	2	137	1167.45	98	98	1.46	1.46
False	7	183	1667.99	52	8.67	1.64	1.09
False	3	42	1121.1	27	13.5	7.14	7.14
False	4	65	667.34	193	64.33	3.08	3.08
False	2	37	356.6	331	331	2.7	0
False	5	141	1760.77	122	30.5	0.71	1.42
False	3	112	930.05	47	23.5	0.89	0.89
False	2	5	44.09	16	16	20	20
False	2	22	476.58	173	173	0	0
False	6	132	1031.61	60	12	1.52	3.03
False	2	122	1049.53	39	39	0.82	0.82
False	2	68	818.91	312	312	0	2.94
False	10	174	1697.71	1301	144.56	1.15	2.87
False	3	146	1345.85	41	20.5	0.68	0.68
False	3	7	91.75	28	14	0	0
False	3	49	876.91	22	11	0	0
False	2	76	711.81	3	3	1.32	1.32
False	2	82	752.53	2	2	0	1.22
False	3	148	1381.01	137	68.5	0.68	0.68
False	5	75	614.57	29	7.25	1.33	1.33
False	24	137	1508.45	1204	52.35	2.19	1.46
False	2	75	603.62	2	2	1.33	1.33
False	2	38	341.85	59	59	0	0
False	2	37	368.89	4	4	0	0
False	15	528	4568.59	1140	81.43	0.19	0.57
False	3	68	736.63	52	26	2.94	2.94
False	2	75	626.71	5	5	1.33	1.33
False	2	76	604.99	2	2	1.32	1.32
False	9	465	4564.01	470	58.75	0.65	0.65
False	2	77	748.87	3	3	3.9	3.9
False	3	156	1899.8	98	49	1.28	1.28
False	4	172	1371.04	21	7	0.58	1.16
False	3	147	1150.94	425	212.5	0.68	0.68
False	3	247	2547.8	98	49	0.81	0.81
False	5	250	2485.92	220	55	0.8	0.8
False	3	58	317.28	256	128	5.17	5.17
False	65	1093	11096.33	2793	43.64	0.27	0.73
False	2	124	1115.33	278	278	0.81	0.81
False	2	141	1188.54	51	51	0.71	0.71
False	3	150	1321.07	17	8.5	0.67	0.67
False	10	82	1712.61	140	15.56	2.44	0
False	7	87	866.66	26	4.33	2.3	2.3
False	2	123	1115.32	757	757	1.63	1.63
False	33	784	10269.63	1339	41.84	0.26	0.51
False	2	125	1050.02	735	735	1.6	1.6
False	6	222	2289.53	202	40.4	0.9	1.8
False	4	117	1075.94	20	6.67	0.85	0.85
False	23	441	3586.81	994	45.18	0.45	0.45
False	2	77	762.77	5	5	2.6	2.6
False	9	244	2166.75	227	28.38	1.23	0.82
False	2	244	1094.7	136	136	2.05	2.05
False	3	80	875.73	146	73	17.5	0
False	4	117	1069.63	24	8	0.85	0.85
False	101	856	8343.54	3756	37.56	0.12	1.75
False	6	84	478.88	837	167.4	2.38	2.38
False	53	3231	29462.17	1424	27.38	0	0.09
False	2	20	430.8	65	65	10	10
False	3	149	1326.76	18	9	1.34	1.34
False	2	55	1923.44	55	55	0	1.82
False	8	181	1559.79	338	48.29	0.55	0.55
False	2	76	613.2	34	34	1.32	1.32
False	2	52	587.45	32	32	1.92	0
False	2	30	346.28	6	6	3.33	3.33
False	2	143	1437.52	108	108	0.7	0.7
False	7	25	229.61	247	41.17	4	4
False	7	157	1416.6	133	22.17	0.64	1.91
False	2	77	715.85	3	3	2.6	2.6
False	2	22	179.14	4	4	0	0
False	5	174	1477.75	104	26	1.15	1.72
False	9	71	2020.47	478	59.75	4.23	2.82
False	2	90	660.82	25	25	2.22	2.22
False	2	125	1090.4	66	66	1.6	1.6
False	4	195	1613.74	232	77.33	0.51	0.51
False	12	290	3253.14	1003	91.18	1.03	1.03
False	2	159	1268.87	1759	1759	0	1.89
False	4	108	995.39	102	34	0.93	0.93
False	4	63	397.89	172	57.33	1.59	1.59
False	7	232	2184.92	1237	206.17	8.19	0.86
False	4	168	1387.11	267	89	1.19	0.6
False	2	17	300.22	404	404	0	0
False	2	128	1289.94	1026	1026	1.56	1.56
False	3	151	1203.96	88	44	1.32	1.32
False	58	230	4612.22	4309	75.6	0	8.7
False	2	77	893.27	88	88	20.78	2.6
False	27	479	4302.5	1825	70.19	0.21	0.42
False	2	125	1074.73	63	63	1.6	1.6
False	23	237	1848.22	648	29.45	1.69	2.11
False	2	124	1049.45	166	166	0.81	0.81
False	3	144	1167.4	86	43	1.39	1.39
False	50	346	3193.52	562	11.47	0.87	0.58
False	5	174	1593	151	37.75	0.57	1.15
False	3	213	1918.1	223	111.5	0.47	0.94
False	3	166	1511.05	17	8.5	0.6	0
False	3	114	1012.55	106	53	0.88	0.88
False	10	299	2747.27	419	46.56	0.67	0.67
False	3	83	658.31	13	6.5	2.41	2.41
False	9	364	3358.44	993	124.13	0.55	0.55
False	3	18	376.4	147	73.5	5.56	5.56
False	2	161	1442.88	321	321	1.24	1.24
False	24	348	3342.62	828	36	0.57	2.01
False	10	69	803.25	100	11.11	2.9	5.8
False	3	89	689.83	58	29	1.12	1.12
False	2	76	657.96	8	8	1.32	1.32
False	4	208	1947.26	149	49.67	0	0
False	2	132	1169.83	129	129	1.52	1.52
False	8	177	1689.79	222	31.71	0.56	0.56
False	2	251	2125.43	18	18	0.8	0.8
False	6	17	67.3	174	34.8	23.53	11.76
False	2	58	409.17	10	10	6.9	8.62
False	6	179	1655.55	275	55	0.56	0.56
False	4	232	2077.45	136	45.33	0.86	0.86
False	2	76	649.43	3	3	1.32	1.32
False	10	254	2267.89	496	55.11	7.09	0.79
False	4	113	931.34	825	275	3.54	3.54
False	2	80	893.7	55	55	20	2.5
False	2	78	736.56	6	6	2.56	2.56
False	2	75	733.3	8	8	1.33	1.33
False	6	283	2839.62	134	26.8	0.35	0.71
False	3	146	1205.73	71	35.5	0	0
False	3	37	281.22	25	12.5	0	2.7
False	4	113	1068.71	46	15.33	0.88	0.88
False	43	289	2054.53	1147	27.31	0.35	1.04
False	2	88	820.97	13	13	0	1.14
False	3	147	1250.21	2080	1040	3.4	3.4
False	2	55	302.49	11	11	0	3.64
False	2	19	441.94	7	7	15.79	10.53
False	13	130	1351.04	1738	144.83	3.85	1.54
False	3	84	2087.62	50	25	3.57	3.57
False	3	135	1215.22	25	12.5	1.48	1.48
False	3	161	1388.96	136	68	1.24	1.24
False	6	183	1554.92	110	22	1.09	1.64
False	7	167	1636.44	251	41.83	0	0
False	3	19	306.91	2121	1060.5	0	5.26
False	8	304	3022.66	282	40.29	0.66	0.66
False	6	164	1565.57	524	104.8	1.83	0.61
False	5	146	1289.56	518	129.5	1.37	1.37
False	4	55	343.32	1157	385.67	3.64	3.64
False	22	164	3145.24	333	15.86	12.2	3.05
False	2	76	769.21	6	6	1.32	1.32
False	2	5	34.93	830	830	0	20
False	36	342	3845.06	367	10.49	0.29	2.92
False	4	154	1304.66	58	19.33	1.3	1.95
False	3	198	1694.6	58	29	0.51	0.51
False	2	177	3125.2	14	14	2.26	2.26
False	5	153	1313.33	16	4	1.31	1.31
False	3	150	1248.67	121	60.5	0	0
False	7	177	1770.96	147	24.5	1.13	1.69
False	4	153	1288.97	39	13	1.31	1.96
False	6	335	3111.79	119	23.8	0.3	0.6
False	2	85	665.13	69	69	2.35	2.35
False	9	210	1781.47	530	66.25	0.48	0.95
False	23	308	2899.81	626	28.45	0.32	1.62
False	13	250	2804.07	323	26.92	1.6	1.6
False	4	85	633.94	34	11.33	4.71	4.71
False	12	198	2136.93	245	22.27	1.01	2.53
False	41	382	3082.36	1380	34.5	0.52	0.52
False	34	371	3685.15	1745	52.88	1.62	2.43
False	2	32	733.32	33	33	12.5	12.5
False	6	141	1228.26	93	18.6	0.71	0
False	2	141	1184.28	58	58	1.42	1.42
False	3	133	1187.21	15	7.5	0	0.75
False	2	141	1148.55	42	42	1.42	1.42
False	3	146	1286.36	41	20.5	0.68	0.68
False	3	24	714.61	31	15.5	8.33	8.33
False	2	171	2977.64	20	20	2.92	1.75
False	2	33	178.28	159	159	12.12	12.12
False	7	164	1666.91	256	42.67	1.22	1.22
False	5	149	1283.08	230	57.5	1.34	1.34
False	3	42	1252.86	83	41.5	0	0
False	35	66	439.41	4213	123.91	3.03	0
False	7	189	1600.01	134	22.33	0	0
False	3	101	949.89	92	46	0.99	0.99
False	2	9	46.44	24	24	22.22	22.22
False	6	56	1148.29	343	68.6	5.36	5.36
False	3	145	1244.5	16	8	0.69	0.69
False	23	269	2191	464	21.09	0.74	0.74
False	4	48	1092.84	48	16	4.17	4.17
False	8	185	1610.52	156	22.29	0.54	1.08
False	2	126	1060.89	171	171	1.59	1.59
False	4	108	1401.34	14	4.67	0.93	0.93
False	2	5	50.87	1758	1758	20	20
False	6	46	1212.2	144	28.8	4.35	4.35
False	16	358	3711.91	796	53.07	1.4	1.4
False	2	76	752.96	3	3	2.63	2.63
False	10	275	2459.91	441	49	7.64	0.73
False	4	25	982.96	371	123.67	8	12
False	3	36	2030.78	51	25.5	0	0
False	6	57	486.65	40	8	0	1.75
False	12	228	2092.28	290	26.36	0.44	0.88
False	2	174	1407.76	29	29	1.15	1.15
False	14	354	3876.63	520	40	0.85	1.41
False	4	265	2392.16	817	272.33	0	0.38
False	62	141	1332.09	1584	25.97	0	11.35
False	2	8	101.73	113	113	25	25
False	6	95	1915.96	343	68.6	6.32	6.32
False	2	9	11.45	208	208	66.67	66.67
False	2	48	263.14	31	31	2.08	2.08
False	10	78	1468.21	1248	138.67	2.56	2.56
False	3	145	1206.53	146	73	1.38	1.38
False	6	155	1343.18	89	17.8	0.65	0.65
							
True	33	33	1498.59	351	10.97	100	0
True	6	6	30.15	1211	242.2	100	0
True	3	3	22.82	3	1.5	0	0
True	5	5	25.3	1150	287.5	100	0
True	7	7	29.16	621	103.5	100	0
True	18	23	59.84	11312	665.41	100	0
True	118	155	378.31	68812	588.14	100	0
True	2	2	3.17	1701	1701	100	0
True	15	18	27.72	8130	580.71	100	0
True	2	18	116.88	3	3	11.11	5.56
True	6	7	25.5	18	3.6	100	0
True	2	4	13.95	906	906	100	0
True	14	14	63.33	2425	186.54	100	0
True	6	6	42.86	15	3	100	0
True	2	3	35.79	4	4	100	0
True	3	5	8.12	26	13	100	0
True	2	2	1.51	965	965	100	0
True	15	15	56.93	2189	156.36	100	0
True	5	6	28.01	13	3.25	100	0
True	2	2	63.93	5	5	0	0
True	3	7	36.96	1682	841	100	0
True	5	11	70.85	65	16.25	100	0
True	2	6	17.87	1152	1152	33.33	33.33
True	3	5	182.21	2	1	100	0
True	2	2	9.58	920	920	100	0
True	2	44	204.13	704	704	9.09	4.55
True	2	76	607.93	8	8	3.95	1.32
True	6	11	21.17	2994	598.8	100	0
True	7	9	20.16	2533	422.17	100	0
True	2	2	6.48	680	680	100	0
True	19	20	111.37	1212	67.33	100	0
True	7	8	39.89	1558	259.67	100	0
True	2	124	1186.42	90	90	1.61	0
True	5	5	26.43	2444	611	100	0
True	3	4	11.81	3085	1542.5	100	0
True	4	4	113.32	667	222.33	100	0
True	6	8	113.6	2062	412.4	100	0
True	7	7	29.61	2027	337.83	100	0
True	3	3	22.82	2	1	0	0
True	16	18	99.26	3846	256.4	100	0
True	22	24	139.75	7494	356.86	100	8.33
True	2	2	13.92	1060	1060	100	0
True	19	24	36.95	8871	492.83	100	0
True	5	6	49.01	997	249.25	100	0
True	2	3	3.97	2244	2244	100	0
True	11	14	95.83	3513	351.3	100	0
True	6	6	32.62	2238	447.6	100	0
True	8	12	187.36	16	2.29	100	0
True	2	14	257.53	639	639	14.29	0
True	11	13	65.85	1739	173.9	100	0
True	44	56	307.39	12868	299.26	100	0
True	9	10	249.27	17	2.13	100	0
True	2	2	13.81	206	206	100	0
True	20	23	107	3633	191.21	100	0
True	2	2	17.06	961	961	100	0
True	23	24	174.8	2505	113.86	100	0
True	3	3	22.82	4	2	0	0
True	9	14	79.15	861	107.63	100	0
True	6	131	735.16	10	2	4.58	0
True	7	12	21.19	6075	1012.5	100	0
True	41	46	357.64	10634	265.85	100	0
True	41	52	319.18	13394	334.85	100	0
True	18	22	444.46	5724	336.71	100	0
True	19	19	155.61	1649	91.61	100	0
True	6	7	215.3	9	1.8	100	0
True	3	3	21.07	1220	610	100	0
True	2	5	23.31	616	616	80	20
True	10	12	45.77	3480	386.67	100	0
True	50	52	1345.49	48	0.98	100	0
True	2	9	51.47	163	163	100	0
True	10	11	61.77	1795	199.44	100	0
True	5	5	17.18	8	2	100	0
True	9	10	70.27	3552	444	100	0
True	4	4	29.52	136	45.33	100	0
True	36	42	1212.6	20537	586.77	100	0
True	2	3	5.38	1586	1586	100	0
True	3	3	22.58	3	1.5	100	0
True	13	14	249.08	2354	196.17	100	7.14
True	24	28	58.06	12353	537.09	100	0
True	3	3	22.82	3	1.5	0	0
True	4	5	37.25	7	2.33	100	0
True	19	29	137.43	16	0.89	100	0
True	4	7	19.74	3952	1317.33	100	0
True	4	4	0.87	2	0.67	100	100
True	7	8	35.36	465	77.5	100	0
True	2	22	466.8	13	13	18.18	9.09
True	12	12	47.74	1740	158.18	100	0
True	56	78	188.38	24438	444.33	100	0
True	3	3	22.82	7	3.5	0	0
True	3	3	22.82	3	1.5	0	0
True	2	2	11.67	39	39	100	0
True	2	4	7.9	882	882	100	0
True	12	13	73.37	6071	551.91	100	0
True	10	11	109.68	3356	372.89	100	0
True	3	3	22.82	3	1.5	0	0
True	4	5	1.03	11	3.67	100	100
True	60	64	642.24	62	1.05	100	0
True	2	2	14.6	4	4	0	0
True	6	14	228.57	348	69.6	100	0
True	4	4	22.75	2351	783.67	100	0
True	24	33	99.54	14247	619.43	100	0
True	2	2	13.59	904	904	100	0
True	6	8	15.09	10	2	100	0
True	10	12	61.24	3400	377.78	100	0
True	39	56	164.81	19255	506.71	100	0
True	2	4	3.99	13	13	100	0
True	6	7	79.33	17	3.4	100	0
True	26	32	218	8363	334.52	100	0
True	16	16	80.25	16	1.07	100	0
True	2	18	56.76	407	407	66.67	55.56
True	38	41	304.32	192	5.19	100	0
True	8	12	48.1	5708	815.43	100	0
True	6	6	26.45	1302	260.4	100	0
True	8	9	168.39	19	2.71	100	0
True	4	4	0.87	3	1	100	100
True	10	13	56.03	4316	479.56	100	0
True	2	3	16.24	6	6	100	0
True	13	17	56.17	24	2	100	0
True	5	5	5.71	11	2.75	100	0
True	3	4	40.23	1122	561	100	0
True	14	15	57.53	1959	150.69	100	0
True	2	2	23.67	2	2	100	0
True	6	9	14.73	2314	462.8	100	0
True	40	53	93.68	26173	671.1	100	0
True	9	9	61.24	2788	348.5	100	11.11
True	23	26	112.56	8919	405.41	100	0
True	4	6	27.08	1648	549.33	100	33.33
True	2	79	725.75	12	12	5.06	2.53
True	4	4	0.87	6	2	100	100
True	7	8	37.12	8	1.33	100	0
True	2	2	0.37	241	241	100	100
True	19	19	0	1029	57.17	100	0
True	6	11	236.21	1698	339.6	100	0
True	38	44	259.97	12503	337.92	100	0
True	2	3	0.13	2047	2047	100	0
True	2	2	0	432	432	100	0
True	26	31	206.45	7312	292.48	100	0
True	12	12	2.75	100	9.09	100	100
True	13	14	270.65	17	1.42	100	0
True	5	5	12.46	660	165	100	0
True	2	2	72.32	1100	1100	100	0
True	9	19	131.25	1863	232.88	100	0
True	2	2	8.6	2	2	100	0
True	6	9	30.78	2	0.4	100	0
True	2	3	6.15	1440	1440	100	0
True	100	104	249.08	2267	22.9	100	0.96
True	6	6	34.17	2	0.4	100	0
True	11	17	29.45	10033	1003.3	100	0
True	2	3	16.76	5	5	100	0
True	7745	8635	87313.93	82854	10.7	97.29	0.25
True	27	28	28.9	48	1.85	100	0
True	2	4	16.73	6	6	100	0
True	8	10	94.92	13	1.86	100	0
True	6	6	16.43	300	60	100	0
True	3	4	28.28	2	1	100	0
True	33	51	31.04	3045	95.16	100	43.14
True	2	5	71.3	2525	2525	100	0
True	23	23	144.91	3561	161.86	100	0
True	3	4	11.12	4	2	100	0
True	3	3	22.82	3	1.5	0	0
True	21	21	93.99	1981	99.05	100	0
True	5	7	60.01	1085	271.25	100	0
True	3	4	29.69	59	29.5	100	0
True	6	6	34.06	60	12	100	0
True	2	2	0.88	932	932	100	0
True	682	1006	1775.88	3834	5.63	100	0
True	14	18	144.51	3450	265.38	100	0
True	16	18	85.35	6110	407.33	100	11.11
True	7	10	16.15	4167	694.5	100	0
True	5	8	54.94	1873	468.25	100	0
True	9	14	67.11	4700	587.5	100	0
True	6	6	15.09	856	171.2	100	0
True	6	6	15.61	3530	706	100	0
True	7	7	29.2	1428	238	100	0
True	8	11	433.8	72	10.29	100	0
True	18	22	48.23	7542	443.65	100	0
True	2	3	26.38	2702	2702	100	0
True	7	7	51.95	15	2.5	100	0
True	3	4	12.42	545	272.5	100	0
True	18	49	343.51	5056	297.41	100	0
True	4	8	57.48	687	229	100	0
True	118	140	1695.5	44169	377.51	90	1.43
True	43	60	583.74	15452	367.9	100	0
True	10	10	19.17	14	1.56	100	10
True	2	2	20.52	181	181	100	0
True	4	29	478.24	38	12.67	100	6.9
True	8	11	433.76	17	2.43	100	0
True	5	6	46.93	942	235.5	100	0
True	5	6	27.63	2447	611.75	100	0
True	13	13	551.7	4276	356.33	100	0
True	6	7	11.12	2699	539.8	100	0
True	6	6	16.67	19	3.8	100	0
True	23	24	32.02	42	1.91	100	0
True	3	3	10.96	9	4.5	100	0
True	9	11	30.15	2540	317.5	100	0
True	9	11	17.91	2683	335.38	100	0
True	49	72	285.62	26727	556.81	100	0
True	66	71	453.2	24977	384.26	95.77	1.41
True	11	17	40.48	7195	719.5	100	0
True	3	3	22.82	7	3.5	0	0
True	17	24	40.53	6983	436.44	100	0
True	2	37	460.56	952	952	5.41	0
True	12	22	61.67	9400	854.55	100	0
True	2	2	13.82	3	3	100	0
True	6	6	22.93	1004	200.8	100	0
True	454	465	684.6	1980	4.37	100	1.08
True	3	63	3560.66	71	35.5	98.41	0
True	2	2	3.03	847	847	100	0
True	2	2	72.46	795	795	100	0
True	18	22	311.26	3583	210.76	100	0
True	6	10	43.03	2409	481.8	100	0
True	5	9	15.82	2530	632.5	100	0
True	4	6	6.27	7	2.33	100	0
True	58	62	152.18	140	2.46	100	0
True	13	15	88.21	4697	391.42	100	0
True	52	58	204.96	157	3.08	100	0
True	6	6	127.86	4	0.8	100	33.33
True	3	3	22.86	3359	1679.5	100	0
True	22	23	130.83	22	1.05	100	0
True	17	18	60.36	35	2.19	100	0
True	9	9	51.13	1860	232.5	100	0
True	2	3	5.38	1462	1462	100	0
True	60	63	514.24	66	1.12	100	0
True	3	5	11.94	1868	934	100	0
True	4	4	13.21	2063	687.67	100	0
True	3	8	16.89	1905	952.5	100	0
True	2	44	250.18	69	69	6.82	2.27
True	21	28	69.61	10292	514.6	100	0
True	118	160	402.45	47969	409.99	100	0
True	572	573	1676.32	2723	4.77	100	0
True	5	6	33.39	58	14.5	100	0
True	3	3	5.7	31	15.5	0	0
True	28	36	176.3	2712	100.44	100	0
True	6	6	19.91	1089	217.8	100	0
True	7	9	9.44	12	2	100	0
True	6	8	57.04	3	0.6	100	0
True	9	10	29.13	37	4.63	100	0
True	2	5	34.83	1581	1581	100	0
True	3	3	3.2	2160	1080	100	0
True	5	8	13.3	2959	739.75	100	0
True	18	26	56.82	12124	713.18	100	0
True	6	8	125.59	2466	493.2	100	0
True	21	23	140.5	4522	226.1	100	0
True	2	2	2.86	243	243	100	0
True	45713	47624	322769.91	10135	0.22	100	2.65
True	10	11	18.89	16	1.78	100	0
True	17	19	103.33	5132	320.75	100	0
True	5	7	90.52	4114	1028.5	71.43	0
True	2	3	5.65	3	3	100	0
True	21	23	129.51	7345	367.25	100	0
True	3	8	64.81	835	417.5	100	0
True	21	33	1773.19	9762	488.1	100	0
True	11	15	93.88	4823	482.3	100	0
True	18	18	4.13	468	27.53	100	100
True	79	114	353.35	33060	423.85	100	0
True	170	177	480.48	501	2.96	100	0
True	8	9	188.53	2914	416.29	100	0
True	26	34	193.4	10976	439.04	100	0
True	3	5	26.18	693	346.5	100	0
True	17	18	158.28	799	49.94	100	0
True	2	75	594.65	3	3	4	1.33
True	3	3	11.85	580	290	100	0
True	13	17	78.16	5027	418.92	100	0
True	47	68	125.86	21240	461.74	100	0
True	14	21	53.51	7903	607.92	100	0
True	4	4	63.42	99	33	100	50
True	4	4	26.52	1575	525	100	0
True	6	8	46.17	1403	280.6	100	25
True	13	19	112.72	5692	474.33	100	0
True	2	2	0.19	43	43	100	50
True	61	64	684.53	64	1.07	100	0
True	2	2	15.21	544	544	100	0
True	48	67	549.68	15188	323.15	100	0
True	2	55	284.71	157	157	32.73	3.64
True	3	5	135.02	2384	1192	100	0
True	7	10	57.76	1035	172.5	100	0
True	10	12	68.24	3144	349.33	100	0
True	77	111	259.87	46660	613.95	100	0
True	5	5	32.77	3043	760.75	100	0
True	7	7	36.83	1982	330.33	100	0
True	4	5	49.63	9	3	100	0
True	69	76	498.54	19211	282.51	100	1.32
True	9	13	289.91	5	0.63	100	0
True	2	3	5.56	3	3	100	0
True	3	5	58.05	2	1	100	0
True	79	106	235.56	38979	499.73	100	0
True	6	6	139.93	78	15.6	100	0
True	13	16	119.82	4259	354.92	100	0
True	5	7	53.24	1369	342.25	100	0
True	3	3	22.82	3	1.5	0	0
True	2	4	19.32	1038	1038	100	0
True	5	7	22.59	1112	278	100	0
True	27	32	200.2	5995	230.58	100	0
True	20	24	56.57	14536	765.05	100	0
True	26	40	95.58	17560	702.4	100	0
True	3	3	10.93	7	3.5	100	0
True	7	10	59.08	780	130	100	0
True	3	4	186.41	3813	1906.5	100	0
True	7	8	52.78	16	2.67	100	0
True	9	12	31.86	2865	358.13	100	0
True	45	56	287.27	10595	240.8	100	0
True	2	3	14.45	199	199	100	33.33
True	3	3	124.8	2	1	0	0
True	3	4	12.07	4	2	100	0
True	6	8	38.78	1759	351.8	100	0
True	7	7	38.97	2225	370.83	100	0
True	10	12	48.41	16	1.78	100	0
True	13	13	214.78	7	0.58	100	15.38
True	12	12	41.87	6781	616.45	100	0
True	7	8	12.58	2072	345.33	100	0
True	15	21	89.91	14250	1017.86	100	0
True	3	3	12.48	1253	626.5	100	0
True	35	44	470.44	10996	323.41	100	0
True	3	3	0.62	4	2	100	100
True	14	22	101.39	7104	546.46	100	0
True	8	9	54.64	1583	226.14	100	0
True	3	3	77.17	1005	502.5	100	0
True	3	3	22.82	4	2	0	0
True	8	8	12.29	15	2.14	100	0
True	61	64	459.79	67	1.12	100	0
True	3941	4792	47340.08	8539	2.17	100	0.15
True	29	39	99.08	19784	706.57	100	0
True	152	153	467.4	529	3.5	100	0
True	4	5	14.27	1326	442	100	0
True	9	10	89.16	3417	427.13	100	0
True	18	29	101.56	10541	620.06	100	0
True	5	5	15.19	263	65.75	100	0
True	44	53	426.61	7974	185.44	100	0
True	24	32	58.64	13599	591.26	100	0
True	4	4	12.53	815	271.67	100	0
True	8	9	35.21	12	1.71	100	0
True	3	3	15.67	5	2.5	100	0
True	2	123	1106.96	157	157	1.63	0
True	284	345	2449.76	83219	294.06	100	0
True	10	12	63.58	4488	498.67	100	0
True	5	10	41.32	4263	1065.75	100	0
True	39	51	394.17	2575	67.76	100	23.53
True	96	128	407.78	42335	445.63	100	0
True	11	17	57.43	8374	837.4	100	0
True	22	22	125.01	2893	137.76	100	0
True	59	78	185.05	29750	512.93	100	0
True	4	5	9.95	13	4.33	100	0
True	2	9	48.54	5	5	22.22	11.11
True	11	11	62.32	2614	261.4	100	0
True	1132	1134	3345.74	1605	1.42	100	0
True	5	6	60.59	17	4.25	100	0
True	9	12	66.36	3906	488.25	100	0
True	45	46	23.22	3690	83.86	100	39.13
True	14	15	57.78	19	1.46	100	0
True	3	3	192.91	2	1	0	0
True	2	4	3.99	6	6	100	0
True	124	125	324.45	413	3.36	100	0
True	2	10	141.33	2322	2322	30	10
True	3	3	22.82	2	1	0	0
True	19	27	59.14	6612	367.33	100	0
True	39	42	616.66	17	0.45	100	2.38
True	343	344	1205.51	991	2.9	100	0
True	4	5	9.36	7	2.33	100	0
True	4	13	177.75	1725	575	100	0
True	31	36	191.96	8712	290.4	100	0
True	3	3	4.29	1486	743	100	0
True	389	402	1276.95	2826	7.28	100	0
True	9	11	30.02	5587	698.38	100	0
True	5	6	45.81	15	3.75	100	0
True	12	14	73.03	20	1.82	100	0
True	11	13	52.25	5740	574	100	0
True	6	6	1.37	10	2	100	100
True	16	17	249.79	2234	148.93	100	0
True	4	5	35.83	3	1	100	0
True	6	11	27.32	4266	853.2	100	0
True	20	29	64.39	8836	465.05	100	0
True	2	2	64.07	479	479	100	0
True	101	101	1078.03	220	2.2	100	0
True	3	5	9.33	2227	1113.5	100	0
True	2	2	20.86	1600	1600	100	0
True	4	9	99.1	7446	2482	100	0
True	3	6	36.28	1655	827.5	100	0
True	4	22	154.72	3725	1241.67	100	0
True	22	32	141.33	4885	232.62	100	0
True	2	3	12.79	2	2	100	0
True	49	51	369.6	20965	436.77	100	0
True	28	44	122.81	14831	549.3	100	2.27
True	15	15	91.34	11658	832.71	100	0
True	3	3	19.8	574	287	100	0
True	6	6	38.36	15	3	100	0
True	6	31	228.52	2108	421.6	100	0
True	82	84	257.69	328	4.05	100	0
True	9	10	45.78	26	3.25	100	0
True	2	8	53.15	4	4	100	0
True	4	5	5.13	11	3.67	100	0
True	48	49	110.83	68	1.45	100	32.65
True	7	7	40.81	5	0.83	100	0
True	15	22	152.99	6886	491.86	100	0
True	3	3	0.65	44	22	100	100
True	12	13	35.02	40	3.64	100	0
True	2	3	13.49	1349	1349	100	33.33
True	3	5	15.78	6	3	100	0
True	21	22	167	36	1.8	100	0
True	8	10	52.8	17	2.43	100	0
True	20	33	66.5	10589	557.32	100	0
True	5	7	45.87	3	0.75	100	0
True	4	6	5.62	1453	484.33	50	0
True	4	4	4.09	327	109	50	0
True	27	31	101.23	9162	352.38	100	0
True	3	3	20.29	3550	1775	100	0
True	4	6	19.27	378	126	100	0
True	10	11	70.07	2961	329	100	0
True	14	15	44.68	27	2.08	100	0
True	4	4	0	7	2.33	100	0
True	2	2	1.54	242	242	100	0
True	7	8	42.59	1668	278	100	0
True	10	14	30.66	6659	739.89	100	0
True	261	289	2964.84	83883	322.63	100	0.35
True	6	7	15.91	3222	644.4	100	0
True	25	28	752.9	7120	296.67	100	0
True	171	175	564.73	320	1.88	100	0
True	5	6	12.14	1075	268.75	100	0
True	2	3	84.72	3097	3097	100	0
True	571	572	1637.48	2526	4.43	100	0
True	7	8	19.06	3402	567	100	0
True	6	6	26.41	18	3.6	100	0
True	2	2	13.72	1193	1193	100	0
True	34	39	76.64	10731	325.18	100	0
True	7	7	47.03	18	3	100	0
True	5	7	38.84	2880	720	100	0
True	2	2	2.87	492	492	100	0
True	4	5	30.94	4	1.33	100	20
True	2	2	5.84	56	56	100	0
True	685	1006	1776.97	3470	5.07	100	0
True	8	11	84.4	1579	225.57	100	0
True	52	69	513.75	11891	233.16	100	0
True	9	10	51.91	1834	229.25	100	0
True	7	10	17.58	3786	631	100	0
True	7	7	54.88	5893	982.17	100	0
True	5	7	13.78	122	30.5	100	0
True	61	64	471.13	69	1.15	100	0
True	542	543	1724.23	1429	2.64	100	0
True	28	41	100.99	11241	416.33	100	0
True	13	14	21.12	5044	420.33	100	0
True	2	3	1.87	439	439	100	0
True	2	4	3.34	293	293	100	0
True	9	9	66.84	21	2.63	100	0
True	2	4	71.48	2039	2039	100	0
True	15	15	67.42	2198	157	100	0
True	5	13	197.67	1702	425.5	100	0
True	18	28	60.09	14	0.82	100	0
True	21	26	180.31	5159	257.95	100	0
True	2	2	5.77	68	68	100	0
True	5	6	14.23	173	43.25	100	0
True	2	2	0.92	358	358	100	0
True	11	18	146.73	34	3.4	100	0
True	32	36	412.08	9151	295.19	100	0
True	2	4	5.42	825	825	100	0
True	19	19	871.62	157	8.72	89.47	0
True	87	118	279.94	37314	433.88	100	0
True	2	2	1.8	154	154	100	0
True	2	2	15.6	1440	1440	100	0
True	4	6	150.49	932	310.67	100	0
True	11	20	51.68	10481	1048.1	100	0
True	61	63	501.2	62	1.03	100	0
True	39	40	64.62	83	2.18	100	0
True	8	8	13.29	20	2.86	100	12.5
True	20	35	257.91	6414	337.58	100	0
True	2	76	629.28	4	4	3.95	1.32
True	7	8	51.28	46	7.67	100	0
True	2	74	638.52	4	4	4.05	1.35
True	67	77	1904.52	481	7.29	100	1.3
True	2	2	0.74	1211	1211	100	50
True	4	5	30.88	3	1	100	20
True	5	12	51.24	3835	958.75	100	0
True	7	9	121.23	564	94	100	0
True	8	9	49.05	3641	520.14	100	0
True	11	11	90.29	18	1.8	100	0
True	9	9	50.35	664	83	100	0
True	27	37	94.66	16522	635.46	100	0
True	5	6	15.02	785	196.25	100	0
True	6	18	130.93	3395	679	100	0
True	7	7	8.87	7	1.17	100	85.71
True	7	7	31.66	1633	272.17	100	0
True	4	5	30.75	80	26.67	100	20
True	4	4	4.66	18	6	100	0
True	6	10	24.39	4479	895.8	100	0
True	3	3	22.35	1584	792	100	0
True	77	79	515.68	32434	426.76	100	1.27
True	57	85	302.56	28565	510.09	100	0
True	13	21	60.8	8843	736.92	100	0
True	42	58	110.16	18304	446.44	100	0
True	46	48	117.64	168	3.73	100	2.08
True	36	37	253.69	17033	486.66	100	0
True	2	2	3.91	3	3	100	0
True	19	27	182.53	3882	215.67	100	0
True	5	5	28.79	589	147.25	100	0
True	3	4	430.7	788	394	100	0
True	11	17	46.99	4165	416.5	100	0
True	4	4	0.87	2	0.67	100	100
True	6	9	55.41	12	2.4	100	0
True	304	305	1013.95	665	2.19	100	0
True	5	5	11.63	627	156.75	100	0
True	4	4	68.89	918	306	100	0
True	37	492	4665.54	1710	47.5	0.41	0.41
True	6	59	285.2	206	41.2	10.17	0
True	2	2	3.8	1206	1206	100	0
True	14	69	3549.8	89	6.85	94.2	0
True	9	11	27.74	1125	140.63	100	0
True	2	12	130.38	661	661	100	0
True	2	76	678.25	5	5	3.95	1.32
True	10	11	186.49	22	2.44	100	0
True	19	20	64.13	77	4.28	100	0
True	27	31	50.44	12218	469.92	100	0
True	75	111	289.95	31274	422.62	100	0
True	2	2	1.93	408	408	100	0
True	211	212	679.3	387	1.84	100	0
True	2	5	10.42	1475	1475	100	0
True	4	4	0.87	2	0.67	100	100
True	7	12	112.19	3230	538.33	100	0
True	3	4	21.76	714	357	100	0
True	2	2	34.36	3	3	100	0
True	15	15	103.1	17254	1232.43	100	0
True	4	5	4.99	8	2.67	100	0
True	3	3	125.01	4	2	0	0
True	18	24	224.6	2	0.12	100	50
True	9	10	44.11	977	122.13	100	0
True	26	43	210.06	26	1.04	90.7	2.33
True	4	5	8.24	2312	770.67	100	0
True	2	3	13.56	382	382	100	33.33
True	37	41	305	6065	168.47	100	0
True	35	54	1066.52	18879	555.26	100	0
True	2	2	2.86	706	706	100	0
True	7	11	31.52	3145	524.17	100	0
True	37	39	109.97	177	4.92	100	0
True	10	10	55.07	1319	146.56	100	0
True	105	137	368.83	38464	369.85	100	0
True	6	6	34.42	4596	919.2	100	0
True	8	8	25.08	2048	292.57	100	0
True	8	9	12.55	7679	1097	100	0
True	2	65	551.91	6	6	3.08	0
True	33	37	306.55	8977	280.53	100	0
True	3	3	14.04	679	339.5	100	0
True	10	13	47.92	22	2.44	100	0
True	19	19	99.56	249	13.83	100	0
True	2	124	1111.11	93	93	2.42	0.81
True	7	9	22.59	3339	556.5	100	0
True	5	7	15.89	32	8	100	0
True	8	9	16.64	15	2.14	100	11.11
True	6	7	54.35	8	1.6	100	0
True	4	5	34.44	3	1	100	0
True	681	1007	1780.97	3755	5.52	100	0
True	2	2	9.09	2	2	100	0
True	3	3	10.1	1179	589.5	100	0
True	8	65	3207.09	90	12.86	98.46	0
True	2	2	28.79	3	3	100	0
True	45	58	341.51	6105	138.75	100	0
True	4	122	993.84	413	137.67	3.28	2.46
True	20	28	233.99	2836	149.26	100	0
True	2	7	46.23	2066	2066	100	0
True	2	2	5.73	243	243	100	0
True	5	6	29.36	2423	605.75	100	0
True	3	3	108.95	2147	1073.5	100	0
True	2	2	19.39	161	161	100	0
True	54	79	194.05	36168	682.42	100	0
True	84	111	258.86	39731	478.69	100	0
True	7	11	70.08	5842	973.67	100	0
True	6	8	41.78	2388	477.6	100	0
True	3	3	108.63	2118	1059	100	0
True	6	11	110.92	3098	619.6	100	0
True	2	2	13.76	961	961	100	0
True	5	5	27.58	1138	284.5	100	0
True	14	17	30.36	8986	691.23	100	0
True	13	16	21.32	20	1.67	100	6.25
True	43	52	395.15	11791	280.74	100	1.92
True	4	6	105.57	2	0.67	100	0
True	7	11	24.79	4632	772	100	0
True	5	5	33.25	14	3.5	100	0
True	2	2	6.91	630	630	100	0
True	2	2	1.93	5	5	100	0
True	7	7	38.1	18	3	100	0
True	37	44	93.19	14024	389.56	100	0
True	48	72	869.74	13604	289.45	100	0
True	10	16	200.93	2501	277.89	100	0
True	3	3	5.06	288	144	100	0
True	2	3	3.92	345	345	100	0
True	11	12	102.53	25	2.5	100	0
True	7	9	27.77	3110	518.33	100	0
True	2	3	270.44	146	146	100	0
True	2	4	25.88	81	81	100	0
True	6	9	16.15	4866	973.2	100	0
True	47	48	136.55	91	1.98	100	0
True	7	8	126.48	5530	921.67	100	0
True	2	2	4.16	636	636	100	0
True	21	25	161.16	5214	260.7	88	0
True	16	19	65.08	25	1.67	100	10.53
True	5	5	9.15	683	170.75	100	0
True	138	195	596.45	61482	448.77	100	0
True	6	7	35.36	2426	485.2	100	0
True	7	7	133.15	81	13.5	100	0
True	4	5	32.16	19	6.33	100	0
True	34	45	317.14	7011	212.45	100	2.22
True	43	62	199.18	24138	574.71	100	0
True	6	12	34.57	6500	1300	100	0
True	5	6	45.96	713	178.25	100	0
True	12	13	112.64	2980	270.91	100	0
True	3	3	87.53	2	1	0	0
True	2	2	2.87	955	955	100	0
True	7	7	42.96	54	9	100	0
True	288	290	161.06	659	2.3	100	0
True	36	39	176.51	60	1.71	100	0
True	61	63	462.66	137	2.28	100	0
True	39	43	80.95	84	2.21	100	13.95
True	18	18	4.13	258	15.18	100	100
True	23	41	413.38	583	26.5	100	0
True	7	8	29.01	20	3.33	100	0
True	8	8	45.52	1608	229.71	100	0
True	58	77	216.74	34523	605.67	100	0
True	4	4	22.92	143	47.67	100	0
True	20	32	143.18	1209	63.63	100	0
True	3	4	51.14	4258	2129	100	0
True	3	3	42.82	2	1	100	0
True	6	7	43.92	1098	219.6	100	0
True	6	6	30.38	725	145	100	0
False	3	47	1572.63	53	26.5	6.38	4.26
False	3	148	1259.91	33	16.5	0	0
False	3	156	1294.76	84	42	2.56	1.28
False	6	224	1972.99	44	8.8	0	0.45
False	7	23	227.37	284	47.33	4.35	4.35
False	3	47	365.76	14	7	2.13	2.13
False	39	302	2914.46	1008	26.53	5.96	0.66
False	2	124	1076.93	12	12	0.81	0.81
False	3	117	1135.15	79	39.5	0	0
False	4	116	1500.16	286	95.33	4.31	3.45
False	2	77	661.29	3	3	1.3	1.3
False	4	165	1310.86	105	35	1.21	1.82
False	3	183	1622.17	259	129.5	0.55	0.55
False	3	68	417.81	123	61.5	0	1.47
False	4	107	1038.99	204	68	1.87	1.87
False	3	162	1382.3	36	18	1.23	1.23
False	4	153	1312.42	108	36	0.65	1.31
False	4	159	1329.59	40	13.33	5.66	6.29
False	117	882	7350.1	4365	37.63	0.34	0.57
False	5	250	2583.19	72	18	0.4	0.4
False	3	110	932.88	13	6.5	0.91	0.91
False	3	13	82.37	35	17.5	7.69	7.69
False	3	143	1205.92	83	41.5	0	0
False	17	303	2762.63	1147	71.69	0	0.66
False	16	221	2499.88	758	50.53	0.45	2.71
False	15	206	2247.24	707	50.5	0.49	2.43
False	3	66	467.36	145	72.5	3.03	4.55
False	3	174	1814.84	37	18.5	2.3	1.15
False	9	206	1778.5	109	13.63	0.97	1.46
False	2	76	609.97	4	4	2.63	2.63
False	3	24	1231.5	100	50	4.17	4.17
False	146	684	6542.36	2455	16.93	0.29	0.44
False	5	243	2913.55	206	51.5	0.82	0.82
False	12	158	1650.29	553	50.27	1.27	1.27
False	3	150	1253.39	24	12	0	0
False	5	194	1618.37	106	26.5	0.52	0.52
False	2	128	1245.31	17	17	1.56	1.56
False	2	4	21.05	117	117	0	25
False	3	71	447.69	114	57	2.82	2.82
False	3	136	1158.54	33	16.5	0	0.74
False	2	66	461.54	35	35	3.03	3.03
False	12	88	1027.06	331	30.09	3.41	0
False	2	3	32.57	25	25	0	0
False	13	252	2377.69	519	43.25	0.79	0.79
False	6	154	1352.33	42	8.4	0.65	1.95
False	5	122	1726.09	1007	251.75	0.82	0.82
False	3	152	1225.36	57	28.5	11.18	1.32
False	2	38	331.93	483	483	2.63	2.63
False	13	212	1785.63	193	16.08	0.94	1.89
False	7	187	1630.22	1810	301.67	1.07	1.07